Training model f_5sec_smooth
Final results
768 out of 768
R2: [-0.01836376  0.06590428  0.10692542  0.15796004  0.09033011  0.2555003
  0.07313675  0.12306229  0.26248442  0.14581356  0.08938822  0.13048011
  0.12416904  0.23731334  0.14656484  0.116127    0.09491874  0.20611608
  0.0627217   0.19798525  0.17949666  0.06285877  0.0902218   0.11457207
  0.12857186  0.12710957  0.20604654  0.09357971  0.09850675  0.14147381
  0.23529149  0.12417186  0.13253575  0.15228343  0.23054189  0.03350757
  0.10404571  0.13171789  0.09285263  0.08211772  0.12931618  0.11787508
  0.16893645  0.08797575  0.097485    0.18982157  0.11225502  0.11144397
  0.10073364  0.06499717  0.10880439  0.24655438  0.14821612  0.10226056
  0.10751856  0.26369011  0.10975371  0.05166104  0.15257186  0.21884169
  0.06777532  0.06593555  0.10228416  0.09541684  0.19985134  0.05907185
  0.06704249  0.25544838  0.04864569  0.18992467  0.04592748  0.15432219
  0.10562564  0.06568012  0.0212283   0.03189469  0.26664488  0.05654784
  0.07193644  0.1450238   0.1826256   0.01263004  0.14679468  0.17108294
  0.08829129  0.05539036  0.05533022  0.10026212  0.13208755  0.13441361
  0.16738578  0.07467167  0.1091096   0.09671653  0.15773887  0.0125105
  0.07725928  0.20516691  0.14897878  0.08150067  0.13923408  0.02633874
  0.0882899   0.08330982  0.17072188  0.07461457  0.1168144   0.07256424
  0.08247199  0.15903405  0.10841499  0.20782482  0.11659632  0.07927738
  0.07501427  0.22522918  0.12024438  0.20315239  0.1514013   0.10904059
  0.13366993  0.15093081  0.11486039  0.14898738  0.11523369  0.19317983
  0.08615524  0.17666385  0.10479056  0.05289489  0.07241732  0.212384
  0.0719423   0.16042079  0.15928762  0.11917531  0.19802378  0.14164482
  0.0521213   0.14851436  0.11413876  0.09334472  0.140906    0.11937682
  0.08192152  0.04936981  0.05849326  0.11849834  0.21187513  0.21165576
  0.14784505  0.32758712  0.02557463  0.10839078  0.05009379  0.06652633
  0.07015577  0.11133367  0.10127278  0.27314835  0.10389753  0.18873913
  0.05818475  0.13835139  0.06972748  0.07205179  0.0599181   0.11164509
  0.06182986  0.08631165  0.12792665  0.11013345  0.3703769   0.18039087
  0.22289053  0.04034624  0.04941262  0.08459764  0.16190716  0.10141522
  0.15971323  0.09240145  0.08525448  0.05366308  0.22486221  0.06299601
  0.08999693  0.1378126   0.20937031  0.07690712  0.13458133  0.02782437
  0.15721372  0.06576985  0.15045157  0.23859612  0.17544664  0.0920528
  0.06635891  0.13184748  0.17040422  0.06078583  0.35686772  0.06526018
  0.09373184  0.16116369  0.15415286  0.20250458  0.07845751  0.12664406
  0.09246573  0.08351785  0.2184183   0.08289762  0.0483853   0.085827
  0.09225485  0.11133394  0.18486264  0.07636969  0.18782371  0.08091304
  0.1923213   0.05061155  0.29312991  0.21461653  0.03077124  0.08773349
  0.02788477  0.08504203  0.12365308  0.13574168  0.08996404  0.09792047
  0.08380457  0.11905754  0.18618884  0.18508097  0.23129881  0.11129844
  0.12050404  0.12379124  0.13431836  0.13609291  0.10518006  0.12579988
  0.27770067  0.06559632  0.1527082   0.05103531  0.23706475  0.14003869
  0.19426819  0.22742909  0.15387035  0.1157773   0.37731951  0.15913027
  0.03245532  0.11849152  0.31451564  0.12188981  0.24693914  0.08686933
  0.15760015  0.09655898  0.10609531  0.25624429  0.16504975  0.0635225
  0.17994034  0.16871901  0.12323815  0.32034319  0.23770874  0.08061117
  0.11255888  0.18193827  0.04918857  0.04997795  0.11825799  0.09515896
  0.19291734  0.1270414   0.11529896  0.18187414  0.10847406  0.18461208
  0.13204352  0.05157493  0.10694924  0.09789279  0.09602656  0.03946974
  0.2278771   0.11922707  0.16321847  0.13042878  0.16705108  0.1249219
  0.09903203  0.09867187  0.1791742   0.07702976  0.11753417  0.1601351
  0.1220066   0.147923    0.09346252  0.12303071  0.1135902   0.15131968
  0.26033196  0.13257522  0.15553983  0.11723236  0.06044209  0.07082889
  0.09431053  0.19633687  0.15631862  0.2164488   0.13879603  0.07576145
  0.35709921  0.18758881  0.19375087  0.13087914  0.1749917   0.16202785
  0.14227727  0.10000974  0.14416421  0.0929193   0.11078262  0.34375394
  0.12780244  0.07099362  0.14588594  0.15351511  0.14716272  0.06222368
  0.33108573  0.10804415  0.18043821  0.16762428  0.18218959  0.20598678
  0.07716987  0.11133649  0.1301498   0.22955155  0.1455556   0.15786126
 -0.02298969  0.07048288  0.08129237  0.06157258  0.02941356  0.06054778
  0.15215971  0.11246144  0.1005501   0.12904248  0.04504858  0.09267074
  0.14338336  0.24634604  0.20306676  0.10324955  0.00801921  0.1586017
  0.17253053  0.20493099  0.05178949  0.05878673  0.13797784  0.24286704
  0.15290701  0.13847317  0.10813008  0.14563203  0.17065608  0.08581189
  0.13710565  0.06931386  0.07769081  0.20374506  0.09711075  0.14043142
  0.08256836  0.17402916  0.27737839  0.04065842  0.30264688  0.31228628
  0.18621023  0.11137747  0.12022524  0.02751326  0.25723094  0.14889889
  0.11204642  0.10379271  0.12691283  0.15152041  0.19072292  0.09408649
  0.07742671  0.19292907  0.1275818   0.09869866  0.18732569  0.13841199
  0.00728155  0.16337323  0.20839456  0.06207381  0.09865603  0.1299328
  0.20896618  0.1088596   0.25546325  0.10760458  0.06211755  0.12781
  0.12791847  0.14184026  0.18785107  0.09628051  0.12987505  0.13679367
  0.08771329  0.11539841  0.16548789  0.06588306  0.07279566  0.33856568
  0.05798863  0.21554389  0.1203946   0.14406092  0.19102031  0.10721156
  0.14975054  0.30911333  0.13974405  0.06951744  0.15212328  0.07504104
  0.15753132  0.08337059  0.07111892  0.1769324   0.10082614  0.04207529
  0.13122453  0.05047117  0.04502653  0.04501058  0.08798135  0.23353024
  0.30489337  0.05503054  0.14949524  0.21093152  0.21164722  0.06961963
  0.04948519  0.0701126   0.02163112  0.15090571  0.16913674  0.27110888
  0.18464595  0.08578468  0.06513073  0.042119    0.07512885  0.03389805
  0.10414561  0.06160596  0.10775441  0.10643165  0.09275099  0.20398299
  0.10777871  0.17275469  0.09428309  0.05143774  0.108451    0.1206401
  0.09256766  0.15525895  0.17532187  0.12193482  0.16547373  0.09107142
  0.13138552  0.04642586  0.0447414   0.10835908  0.04833049  0.07356123
  0.11373535  0.11085948  0.12603679  0.11936705  0.05792413  0.09789238
  0.14178259  0.0955664   0.06581529  0.18265748  0.13877204  0.08985472
  0.04424949  0.11464038  0.19048062  0.12790052  0.31113107  0.15974537
  0.2102956   0.18861629  0.24236877  0.0454088   0.07069392  0.19812742
  0.09999408  0.1140159   0.19893303  0.08618639  0.18079124  0.12521806
  0.04688929  0.09393063  0.03391278  0.15310281  0.10452458  0.20806031
  0.06991656  0.12828849  0.15286192  0.08686509  0.15443104  0.06839014
  0.04472462  0.05770713  0.11555361  0.09250836  0.01608524  0.1413336
  0.1876318   0.20350088  0.11520056  0.13829407  0.11177345  0.08813543
  0.14006983  0.18406344  0.04818797  0.09449266  0.23353489  0.0470066
  0.20544593  0.0432125   0.21084845  0.04311839  0.05611306  0.163766
  0.13713085  0.12011191  0.16731906  0.12636951  0.07985537  0.22856233
  0.08014535  0.18817613  0.1743746   0.07808146  0.09095686  0.04328929
  0.13206623  0.10359606  0.09350058  0.16069336  0.07502976  0.09766176
  0.08359261  0.06326132  0.06403471  0.07251178  0.15690254  0.1068547
  0.0639142   0.20595257  0.04697724  0.12707181  0.07689693  0.06793986
  0.2390625   0.0252211   0.15428163  0.06206138  0.11220125  0.09070743
  0.11146915  0.13352705  0.08846271  0.15273649  0.29778652  0.30651655
  0.17654687  0.10773826  0.066889    0.13907792  0.0579998   0.02622734
  0.22823585  0.06307022  0.07114211  0.13012068  0.14922507  0.074012
  0.13809574  0.12357501  0.08179609  0.27099317  0.25217847  0.06564819
  0.06571174  0.13853672  0.174504    0.11246894  0.1621345   0.19719586
  0.12126183  0.12333862  0.19332858  0.19269774  0.09571033  0.12522551
  0.03419472  0.06842502  0.0410366   0.03264986  0.15953619  0.17480785
  0.09935037 -0.03024874  0.13659096  0.14190707  0.08163781  0.18016181
  0.30236858  0.06985033  0.16990163  0.03792716  0.06517388  0.13443695
  0.13514933  0.13567897  0.064386    0.07246092  0.10863891  0.05230582
  0.06872809  0.14716588  0.07938259  0.08525709  0.05874331  0.06867933
  0.09049578  0.07862746  0.15720192  0.09246939  0.20880207  0.08895764
  0.23268943  0.11972496  0.27753979  0.02709856  0.12741475  0.13989705
  0.15542384  0.11889557  0.11033657  0.13051771  0.2348238   0.10541858
  0.10074109  0.06704335  0.09097102  0.221754    0.13173347  0.31524815
  0.09094024  0.11826728  0.10731497  0.03442812  0.11817186  0.14293164
  0.08330464  0.09974334  0.09137388  0.23758781  0.12811842  0.13181553
  0.14576798  0.24197002  0.09063116  0.16340487  0.13140326  0.15573228
  0.19848316  0.25350783  0.05263591  0.05913423  0.1618034   0.05806558
  0.0697442   0.0620573   0.2501072   0.1352094   0.2312808   0.11148691
  0.25699182  0.11023237  0.09263017  0.09355729  0.12781527  0.12826423
  0.15032268  0.12281553  0.02617123  0.15316358  0.0963235   0.14865255
  0.11588862  0.07447051  0.09156106  0.08599242  0.14513811  0.03070826
  0.07074517  0.11451513  0.0146411   0.13787697  0.06229755  0.23499765
  0.07717611  0.15661949  0.16930919  0.10698583  0.0492254   0.08018514
  0.09887175  0.2105894   0.17467734  0.1085509   0.14626879  0.0253676
  0.00468523  0.01772854  0.14795892  0.33548895  0.13597752  0.15131795]
Average R2: 0.127205836
Alphas: [ 30141.62529877   11547.81984689   11547.81984689    5623.4132519
    7147.70576794    7147.70576794    9085.17575652    7147.70576794
    5623.4132519     7147.70576794    7147.70576794    9085.17575652
    7147.70576794    4424.18555385    5623.4132519     7147.70576794
    7147.70576794    7147.70576794    9085.17575652    7147.70576794
    5623.4132519     7147.70576794    4424.18555385    3480.70058843
    4424.18555385    4424.18555385    5623.4132519     7147.70576794
    3480.70058843   11547.81984689    9085.17575652    4424.18555385
    9085.17575652    9085.17575652    2738.41963426    5623.4132519
    9085.17575652    5623.4132519     7147.70576794    9085.17575652
    9085.17575652    4424.18555385    5623.4132519     9085.17575652
    7147.70576794    3480.70058843    5623.4132519     9085.17575652
   14677.99267622   14677.99267622    7147.70576794    3480.70058843
    9085.17575652    7147.70576794   11547.81984689    7147.70576794
    3480.70058843   18656.63578577    4424.18555385    5623.4132519
    7147.70576794    7147.70576794    7147.70576794    9085.17575652
    9085.17575652    7147.70576794    9085.17575652    4424.18555385
   11547.81984689    9085.17575652    5623.4132519     7147.70576794
    7147.70576794   11547.81984689   38311.86849557   14677.99267622
    3480.70058843   11547.81984689    9085.17575652    7147.70576794
    4424.18555385  100000.            7147.70576794    9085.17575652
    3480.70058843   11547.81984689    2154.43469003    5623.4132519
    7147.70576794   18656.63578577    9085.17575652    5623.4132519
    3480.70058843    9085.17575652    4424.18555385    1694.98815139
    4424.18555385    5623.4132519     4424.18555385    7147.70576794
    5623.4132519    14677.99267622    7147.70576794    9085.17575652
    7147.70576794    5623.4132519     9085.17575652    4424.18555385
    7147.70576794    4424.18555385    7147.70576794    5623.4132519
    9085.17575652    7147.70576794    9085.17575652    2738.41963426
    5623.4132519     5623.4132519     7147.70576794    4424.18555385
    5623.4132519     7147.70576794   14677.99267622   11547.81984689
    2154.43469003    9085.17575652   14677.99267622    4424.18555385
    4424.18555385    7147.70576794    9085.17575652    5623.4132519
    2154.43469003    2738.41963426   14677.99267622    4424.18555385
    5623.4132519    11547.81984689    7147.70576794   11547.81984689
   14677.99267622    7147.70576794    5623.4132519     5623.4132519
    9085.17575652    5623.4132519     5623.4132519     4424.18555385
    3480.70058843    4424.18555385    7147.70576794    4424.18555385
   23713.73705662   11547.81984689    9085.17575652    9085.17575652
    7147.70576794    5623.4132519     5623.4132519     5623.4132519
    4424.18555385    4424.18555385    9085.17575652    9085.17575652
    3480.70058843    5623.4132519     7147.70576794    3480.70058843
    9085.17575652   11547.81984689   11547.81984689    7147.70576794
    7147.70576794    7147.70576794    5623.4132519     7147.70576794
   11547.81984689    9085.17575652    2154.43469003    7147.70576794
    4424.18555385    9085.17575652    7147.70576794    7147.70576794
    7147.70576794    4424.18555385    4424.18555385    3480.70058843
    3480.70058843    7147.70576794    3480.70058843    4424.18555385
    7147.70576794   11547.81984689    5623.4132519     4424.18555385
    3480.70058843    9085.17575652    4424.18555385    9085.17575652
    4424.18555385    9085.17575652    4424.18555385    5623.4132519
    5623.4132519     5623.4132519     4424.18555385    9085.17575652
    5623.4132519     5623.4132519     9085.17575652   11547.81984689
    3480.70058843    7147.70576794   18656.63578577   11547.81984689
    4424.18555385    5623.4132519    11547.81984689    7147.70576794
    4424.18555385    4424.18555385    7147.70576794    9085.17575652
    7147.70576794    5623.4132519    11547.81984689    5623.4132519
   14677.99267622   11547.81984689    7147.70576794    5623.4132519
    5623.4132519     5623.4132519     7147.70576794    5623.4132519
    5623.4132519     4424.18555385    3480.70058843   14677.99267622
    9085.17575652    5623.4132519     7147.70576794    4424.18555385
   11547.81984689   11547.81984689    4424.18555385    5623.4132519
    5623.4132519     5623.4132519     2738.41963426    7147.70576794
    9085.17575652    9085.17575652   11547.81984689   11547.81984689
    4424.18555385   11547.81984689    7147.70576794    4424.18555385
    7147.70576794   11547.81984689    4424.18555385    5623.4132519
   11547.81984689    5623.4132519     4424.18555385    4424.18555385
    9085.17575652    5623.4132519     7147.70576794    9085.17575652
    9085.17575652    5623.4132519     3480.70058843    9085.17575652
    7147.70576794    9085.17575652   14677.99267622    3480.70058843
    7147.70576794    5623.4132519     7147.70576794    4424.18555385
    7147.70576794    7147.70576794   11547.81984689    5623.4132519
    5623.4132519    14677.99267622    5623.4132519     9085.17575652
   14677.99267622    3480.70058843    5623.4132519     7147.70576794
    4424.18555385    5623.4132519     7147.70576794    7147.70576794
    3480.70058843   11547.81984689    9085.17575652   11547.81984689
    7147.70576794    9085.17575652    9085.17575652    5623.4132519
    4424.18555385    4424.18555385   11547.81984689    4424.18555385
    3480.70058843    7147.70576794    7147.70576794    7147.70576794
   11547.81984689    7147.70576794    9085.17575652    4424.18555385
    5623.4132519    14677.99267622    5623.4132519    14677.99267622
    7147.70576794    5623.4132519     2154.43469003    7147.70576794
   11547.81984689    4424.18555385    3480.70058843    4424.18555385
    5623.4132519     4424.18555385    7147.70576794    7147.70576794
    5623.4132519     4424.18555385    5623.4132519     5623.4132519
    3480.70058843    5623.4132519     4424.18555385    5623.4132519
    4424.18555385    3480.70058843    5623.4132519     7147.70576794
   14677.99267622    5623.4132519     5623.4132519     4424.18555385
    5623.4132519     7147.70576794  100000.            7147.70576794
   18656.63578577    3480.70058843    7147.70576794    7147.70576794
    9085.17575652    3480.70058843   11547.81984689    4424.18555385
    2738.41963426    7147.70576794    5623.4132519     3480.70058843
    7147.70576794    4424.18555385   38311.86849557    7147.70576794
    5623.4132519     5623.4132519    11547.81984689   18656.63578577
   14677.99267622    3480.70058843    3480.70058843    5623.4132519
   23713.73705662    7147.70576794    7147.70576794   14677.99267622
    5623.4132519     7147.70576794    9085.17575652   11547.81984689
    7147.70576794    4424.18555385    5623.4132519     7147.70576794
    5623.4132519     9085.17575652    7147.70576794    4424.18555385
    5623.4132519     4424.18555385    5623.4132519     5623.4132519
    5623.4132519     4424.18555385    4424.18555385    5623.4132519
    9085.17575652    4424.18555385    7147.70576794    5623.4132519
   23713.73705662    5623.4132519     2154.43469003    5623.4132519
    3480.70058843    4424.18555385   18656.63578577    2738.41963426
    4424.18555385    9085.17575652    5623.4132519     7147.70576794
    4424.18555385    4424.18555385    4424.18555385    5623.4132519
    9085.17575652    9085.17575652    4424.18555385    5623.4132519
    4424.18555385    3480.70058843    3480.70058843    7147.70576794
   11547.81984689    3480.70058843    5623.4132519     3480.70058843
   11547.81984689    4424.18555385    9085.17575652    3480.70058843
    7147.70576794    5623.4132519     5623.4132519     7147.70576794
    7147.70576794    4424.18555385    5623.4132519    14677.99267622
    7147.70576794   14677.99267622    7147.70576794   11547.81984689
    5623.4132519     1694.98815139    9085.17575652   14677.99267622
    5623.4132519    14677.99267622    9085.17575652    5623.4132519
    5623.4132519     9085.17575652    4424.18555385   11547.81984689
    7147.70576794    7147.70576794    4424.18555385    9085.17575652
    9085.17575652    4424.18555385    4424.18555385   11547.81984689
    3480.70058843    7147.70576794    7147.70576794    5623.4132519
    9085.17575652   18656.63578577   11547.81984689    7147.70576794
    9085.17575652   11547.81984689    3480.70058843    2738.41963426
   14677.99267622    5623.4132519     4424.18555385    4424.18555385
    5623.4132519     5623.4132519     4424.18555385    4424.18555385
    7147.70576794    7147.70576794    3480.70058843    4424.18555385
    5623.4132519     5623.4132519     2738.41963426   14677.99267622
    7147.70576794    4424.18555385   11547.81984689    4424.18555385
    3480.70058843    5623.4132519     9085.17575652   11547.81984689
   14677.99267622    5623.4132519     4424.18555385    5623.4132519
   14677.99267622    3480.70058843    7147.70576794    7147.70576794
   38311.86849557   11547.81984689    4424.18555385   11547.81984689
    3480.70058843    5623.4132519     5623.4132519     9085.17575652
    4424.18555385   11547.81984689    7147.70576794    4424.18555385
    5623.4132519     7147.70576794    7147.70576794    7147.70576794
    4424.18555385    4424.18555385    5623.4132519     7147.70576794
   18656.63578577    7147.70576794   14677.99267622   11547.81984689
    5623.4132519     4424.18555385    2154.43469003    5623.4132519
    4424.18555385    4424.18555385    7147.70576794    9085.17575652
    5623.4132519     4424.18555385    9085.17575652    9085.17575652
    5623.4132519     9085.17575652    5623.4132519     9085.17575652
    4424.18555385    7147.70576794    4424.18555385   11547.81984689
    7147.70576794    9085.17575652    3480.70058843    5623.4132519
    4424.18555385   14677.99267622    4424.18555385    7147.70576794
    5623.4132519     5623.4132519     5623.4132519     9085.17575652
   11547.81984689    4424.18555385   11547.81984689    3480.70058843
   23713.73705662    5623.4132519     2154.43469003   11547.81984689
   14677.99267622    9085.17575652    7147.70576794    4424.18555385
    3480.70058843    5623.4132519     7147.70576794    5623.4132519
    5623.4132519     5623.4132519     9085.17575652    5623.4132519
    7147.70576794    4424.18555385    7147.70576794    5623.4132519
   14677.99267622    3480.70058843    7147.70576794   18656.63578577
    9085.17575652    7147.70576794    3480.70058843    5623.4132519
   18656.63578577    4424.18555385    9085.17575652    7147.70576794
    4424.18555385    5623.4132519     4424.18555385    5623.4132519
    7147.70576794    4424.18555385    9085.17575652    5623.4132519
   11547.81984689   14677.99267622    4424.18555385    7147.70576794
    7147.70576794    7147.70576794    7147.70576794    9085.17575652
    7147.70576794    7147.70576794    2154.43469003    5623.4132519
    4424.18555385   23713.73705662   11547.81984689    2738.41963426
    9085.17575652    7147.70576794    4424.18555385    7147.70576794
    5623.4132519     9085.17575652    5623.4132519     9085.17575652
   14677.99267622    7147.70576794   18656.63578577    9085.17575652
    3480.70058843   14677.99267622    5623.4132519     9085.17575652
    9085.17575652  100000.            2154.43469003    2154.43469003
   11547.81984689    4424.18555385    4424.18555385    9085.17575652
    9085.17575652    2154.43469003   14677.99267622   11547.81984689
    5623.4132519    14677.99267622    9085.17575652   14677.99267622
   18656.63578577    7147.70576794   14677.99267622    4424.18555385
    5623.4132519     5623.4132519    14677.99267622    7147.70576794
    7147.70576794    4424.18555385    3480.70058843   14677.99267622
    3480.70058843    7147.70576794    5623.4132519     5623.4132519
    4424.18555385   11547.81984689    7147.70576794    5623.4132519
    5623.4132519     4424.18555385    9085.17575652    7147.70576794
    5623.4132519     2738.41963426    5623.4132519    18656.63578577
    3480.70058843    2738.41963426    5623.4132519     5623.4132519
    7147.70576794   14677.99267622    4424.18555385    5623.4132519
    5623.4132519     5623.4132519     7147.70576794    5623.4132519
    5623.4132519     5623.4132519     3480.70058843    9085.17575652
    5623.4132519     4424.18555385    5623.4132519     9085.17575652
    5623.4132519     9085.17575652    3480.70058843    2738.41963426
   11547.81984689    9085.17575652    9085.17575652    9085.17575652
    4424.18555385   11547.81984689    5623.4132519     3480.70058843
    5623.4132519     7147.70576794    3480.70058843   11547.81984689
    9085.17575652   11547.81984689    9085.17575652    9085.17575652
    5623.4132519     4424.18555385   11547.81984689    9085.17575652
    5623.4132519     5623.4132519     9085.17575652   14677.99267622
    9085.17575652    9085.17575652    5623.4132519    11547.81984689
    9085.17575652    9085.17575652    2738.41963426    7147.70576794
    5623.4132519     5623.4132519     9085.17575652    7147.70576794
    4424.18555385    5623.4132519     5623.4132519    18656.63578577
    4424.18555385    4424.18555385    5623.4132519     4424.18555385
    5623.4132519    30141.62529877   38311.86849557    9085.17575652
    7147.70576794    3480.70058843    5623.4132519     5623.4132519 ]
Ks: [ 2.50000000e+01   2.50000000e+03   5.00000000e+03   2.50000000e+03
   2.50000000e+03   5.29500000e+03   2.50000000e+03   3.21100000e+03
   5.50300000e+03   2.50000000e+03   3.65100000e+03   3.93100000e+03
   4.87900000e+03   2.50000000e+03   3.16100000e+03   2.50000000e+03
   2.50000000e+03   4.85300000e+03   2.20100000e+03   3.46800000e+03
   2.50000000e+03   2.50000000e+03   2.86600000e+03   2.98300000e+03
   3.35500000e+03   2.50000000e+03   2.50000000e+03   5.00000000e+03
   2.50000000e+03   4.20100000e+03   5.59400000e+03   3.53800000e+03
   2.50000000e+03   2.50000000e+03   1.00000000e+03   7.50000000e+01
   5.00000000e+03   1.96000000e+03   2.44300000e+03   3.58800000e+03
   5.00000000e+03   3.49800000e+03   3.51700000e+03   5.33000000e+03
   2.90500000e+03   1.99600000e+03   2.50000000e+03   3.96900000e+03
   5.00000000e+03   3.20200000e+03   2.39500000e+03   7.50000000e+02
   5.93400000e+03   1.00000000e+03   3.34400000e+03   5.30300000e+03
   1.62300000e+03   1.89400000e+03   3.52100000e+03   4.47000000e+03
   7.50000000e+02   2.31100000e+03   2.50000000e+03   3.87100000e+03
   4.62800000e+03   2.50000000e+03   3.46100000e+03   2.50000000e+03
   2.30100000e+03   3.65100000e+03   1.63200000e+03   3.76200000e+03
   2.42700000e+03   2.43000000e+03   2.72200000e+03   2.50000000e+03
   2.50000000e+03   3.73100000e+03   4.06500000e+03   2.50000000e+03
   2.54700000e+03   5.00000000e+02   3.82900000e+03   4.08900000e+03
   1.48500000e+03   5.00000000e+02   2.50000000e+02   7.50000000e+02
   3.81700000e+03   5.06900000e+03   2.50000000e+03   1.00000000e+03
   1.00000000e+03   2.50000000e+03   1.00000000e+03   5.00000000e+00
   2.50000000e+03   4.31500000e+03   7.50000000e+02   4.44200000e+03
   2.90600000e+03   7.50000000e+02   3.03400000e+03   3.06300000e+03
   5.00000000e+03   1.00000000e+03   4.15300000e+03   2.15800000e+03
   2.50000000e+03   2.50000000e+03   2.50000000e+03   4.08200000e+03
   5.00000000e+03   2.82600000e+03   4.17200000e+03   1.00000000e+03
   3.13400000e+03   3.15400000e+03   5.00000000e+03   1.40200000e+03
   5.00000000e+03   2.50000000e+03   5.00000000e+03   3.95500000e+03
   1.00000000e+03   2.50000000e+03   4.24100000e+03   3.67000000e+03
   5.00000000e+03   2.50000000e+03   2.50000000e+03   3.68900000e+03
   2.50000000e+02   7.50000000e+02   4.84100000e+03   3.11700000e+03
   2.50000000e+03   4.49900000e+03   5.00000000e+02   5.45700000e+03
   5.00000000e+03   3.92000000e+03   2.50000000e+03   3.87300000e+03
   2.50000000e+03   7.50000000e+02   2.50000000e+03   1.00000000e+03
   2.50000000e+03   3.48700000e+03   4.11500000e+03   4.76600000e+03
   3.38300000e+03   5.12100000e+03   3.41900000e+03   1.88200000e+03
   2.67500000e+03   2.50000000e+03   2.50000000e+03   3.66500000e+03
   5.00000000e+03   3.71900000e+03   2.27000000e+03   3.54000000e+03
   5.00000000e+02   1.99700000e+03   2.90700000e+03   1.80600000e+03
   1.76300000e+03   5.00000000e+03   2.50000000e+03   3.05200000e+03
   6.09500000e+03   2.50000000e+03   3.66900000e+03   7.50000000e+02
   4.35000000e+03   5.00000000e+03   1.00000000e+03   2.85800000e+03
   2.50000000e+03   4.24200000e+03   2.50000000e+03   2.41300000e+03
   5.00000000e+03   2.54400000e+03   1.81000000e+03   5.00000000e+02
   2.50000000e+03   7.50000000e+02   7.50000000e+02   3.16000000e+02
   3.55600000e+03   5.00000000e+03   2.62700000e+03   5.00000000e+03
   2.46600000e+03   2.50000000e+03   7.50000000e+02   3.87500000e+03
   2.50000000e+03   2.50000000e+03   6.01100000e+03   1.00000000e+03
   3.41600000e+03   4.44700000e+03   2.50000000e+03   4.70200000e+03
   2.50000000e+03   3.04700000e+03   2.58500000e+03   5.66700000e+03
   2.50000000e+03   2.77600000e+03   3.18400000e+03   3.25000000e+03
   2.50000000e+03   2.99000000e+03   5.75100000e+03   3.44300000e+03
   3.59400000e+03   1.77400000e+03   2.50000000e+03   4.00700000e+03
   4.60200000e+03   3.52800000e+03   1.00000000e+03   2.23500000e+03
   2.50000000e+03   2.98200000e+03   3.92700000e+03   2.32500000e+03
   3.30500000e+03   2.50000000e+03   2.50000000e+03   7.50000000e+02
   2.50000000e+03   2.80000000e+03   1.00000000e+03   2.50000000e+03
   3.65600000e+03   3.02600000e+03   2.50000000e+03   3.38200000e+03
   2.50000000e+03   5.00000000e+03   2.50000000e+03   1.20600000e+03
   3.93800000e+03   7.50000000e+02   5.00000000e+02   2.50000000e+03
   5.48400000e+03   4.69200000e+03   5.00000000e+03   2.50000000e+03
   4.96100000e+03   3.93600000e+03   5.00000000e+02   1.91600000e+03
   6.19900000e+03   2.50000000e+03   3.42400000e+03   2.85100000e+03
   5.61100000e+03   2.50000000e+03   1.00000000e+03   2.50000000e+03
   4.49300000e+03   3.15700000e+03   2.50000000e+03   4.43900000e+03
   5.00000000e+03   2.50000000e+03   3.66200000e+03   2.50000000e+03
   3.99300000e+03   5.71700000e+03   4.18000000e+03   5.00000000e+01
   2.85800000e+03   2.50000000e+03   4.33900000e+03   5.00000000e+02
   3.80200000e+03   2.50000000e+03   5.06900000e+03   2.50000000e+03
   2.74100000e+03   4.79100000e+03   7.50000000e+02   2.66200000e+03
   5.34600000e+03   5.00000000e+02   3.16400000e+03   2.50000000e+03
   2.50000000e+03   3.06100000e+03   4.49900000e+03   4.28500000e+03
   1.98900000e+03   3.54000000e+03   3.27800000e+03   3.05100000e+03
   4.47900000e+03   5.00000000e+03   5.00000000e+03   2.50000000e+03
   1.27000000e+03   1.96400000e+03   5.00000000e+03   7.50000000e+02
   2.50000000e+03   3.33100000e+03   5.23500000e+03   4.30800000e+03
   1.00000000e+03   4.17600000e+03   4.65400000e+03   2.30500000e+03
   3.52900000e+03   4.78400000e+03   3.51700000e+03   4.68600000e+03
   5.50500000e+03   2.28300000e+03   2.50000000e+03   4.65600000e+03
   4.90500000e+03   2.06900000e+03   1.00000000e+03   2.50000000e+03
   3.75000000e+03   2.50000000e+03   2.49700000e+03   6.14600000e+03
   2.74200000e+03   1.00000000e+03   4.18300000e+03   4.44600000e+03
   1.00000000e+03   5.00000000e+02   3.38800000e+03   1.00000000e+03
   2.50000000e+03   2.69300000e+03   2.50000000e+03   2.66600000e+03
   4.11500000e+03   3.07100000e+03   2.94200000e+03   4.13400000e+03
   3.00600000e+03   3.97600000e+03   1.00000000e+02   1.00000000e+03
   2.52900000e+03   5.00000000e+02   5.00000000e+02   3.97700000e+03
   2.50000000e+03   2.50000000e+03   3.67000000e+03   1.00000000e+03
   5.00000000e+01   1.99300000e+03   2.93600000e+03   2.50000000e+03
   4.34500000e+03   7.50000000e+02   7.50000000e+02   4.36200000e+03
   4.02700000e+03   4.72500000e+03   3.31100000e+03   4.32300000e+03
   4.29500000e+03   2.50000000e+03   3.46100000e+03   4.52800000e+03
   2.50000000e+03   2.07100000e+03   5.84100000e+03   3.55500000e+03
   2.77200000e+03   2.50000000e+03   3.09700000e+03   4.16700000e+03
   4.21100000e+03   2.50000000e+03   2.50000000e+03   3.77700000e+03
   4.28700000e+03   2.50000000e+03   5.00000000e+03   2.50000000e+03
   2.50000000e+03   2.26500000e+03   5.32000000e+03   5.00000000e+01
   4.91100000e+03   7.50000000e+02   3.90900000e+03   2.50000000e+03
   3.77000000e+03   2.63900000e+03   2.50000000e+03   3.56700000e+03
   5.61100000e+03   3.64400000e+03   2.50000000e+02   2.50000000e+03
   2.50000000e+03   2.50000000e+03   2.50000000e+03   7.50000000e+02
   3.58300000e+03   5.00000000e+03   2.50000000e+03   1.00000000e+03
   4.05000000e+03   7.50000000e+02   2.50000000e+03   3.01200000e+03
   2.50000000e+03   4.46400000e+03   2.53300000e+03   5.00000000e+03
   4.02700000e+03   1.00000000e+03   1.98700000e+03   4.77900000e+03
   5.00000000e+03   1.29100000e+03   2.32800000e+03   2.50000000e+02
   7.50000000e+02   4.13000000e+03   2.71800000e+03   3.12800000e+03
   2.86100000e+03   3.04000000e+03   3.67300000e+03   3.02400000e+03
   2.93500000e+03   4.66600000e+03   2.53300000e+03   3.66100000e+03
   3.28500000e+03   3.35100000e+03   2.36800000e+03   4.43000000e+03
   1.85600000e+03   5.00000000e+02   3.80200000e+03   3.19700000e+03
   1.00000000e+03   5.00000000e+02   3.55900000e+03   1.00000000e+03
   3.35300000e+03   5.00000000e+03   3.91400000e+03   5.00000000e+03
   3.32200000e+03   5.20400000e+03   2.50000000e+03   4.29900000e+03
   2.50000000e+03   5.00000000e+02   1.00000000e+01   4.48800000e+03
   2.01400000e+03   4.27500000e+03   2.50000000e+03   4.03800000e+03
   2.70000000e+03   3.05500000e+03   2.71500000e+03   1.00000000e+03
   4.12600000e+03   4.01700000e+03   1.00000000e+03   7.50000000e+02
   3.94700000e+03   2.50000000e+03   3.37600000e+03   2.12500000e+03
   2.50000000e+03   3.64300000e+03   7.50000000e+02   1.00000000e+03
   5.00000000e+03   2.50000000e+03   2.50000000e+03   2.50000000e+03
   2.50000000e+03   3.58800000e+03   7.50000000e+02   3.11200000e+03
   2.50000000e+02   1.00000000e+03   2.50000000e+03   7.50000000e+02
   5.00000000e+02   3.22000000e+03   5.00000000e+03   5.00000000e+03
   3.70500000e+03   1.48100000e+03   2.50000000e+03   3.19600000e+03
   5.00000000e+03   3.00500000e+03   5.00000000e+03   5.00000000e+03
   4.47600000e+03   4.70200000e+03   1.00000000e+03   5.00000000e+03
   1.00000000e+03   2.50000000e+03   3.63200000e+03   5.37400000e+03
   2.96400000e+03   2.50000000e+03   2.67600000e+03   2.37800000e+03
   3.98600000e+03   4.53200000e+03   4.96400000e+03   2.34900000e+03
   2.50000000e+03   1.00000000e+03   2.56600000e+03   1.00000000e+03
   2.08500000e+03   2.50000000e+03   4.13900000e+03   5.97700000e+03
   1.61900000e+03   2.88900000e+03   1.00000000e+03   3.10200000e+03
   2.50000000e+03   1.27000000e+03   3.19300000e+03   3.54800000e+03
   2.50000000e+03   2.50000000e+03   5.00000000e+02   2.50000000e+03
   3.74400000e+03   2.50000000e+03   2.50000000e+03   3.62100000e+03
   1.00000000e+03   3.08800000e+03   1.00000000e+03   5.00000000e+03
   1.18400000e+03   2.50000000e+03   1.00000000e+03   1.00000000e+03
   2.22900000e+03   2.41300000e+03   3.60900000e+03   2.83900000e+03
   2.04200000e+03   3.65900000e+03   3.21000000e+03   5.36500000e+03
   1.00000000e+03   1.00000000e+03   2.50000000e+03   2.50000000e+03
   4.00000000e+03   4.04600000e+03   1.41500000e+03   2.67400000e+03
   2.50000000e+03   2.50000000e+03   2.50000000e+03   1.00000000e+03
   2.50000000e+03   3.35000000e+03   2.50000000e+03   2.50000000e+03
   1.69000000e+03   1.00000000e+03   1.58300000e+03   3.19800000e+03
   3.79100000e+03   1.00000000e+03   2.57200000e+03   2.50000000e+03
   3.93600000e+03   1.00000000e+03   3.26100000e+03   1.00000000e+03
   5.51600000e+03   2.50000000e+02   2.50000000e+03   2.50000000e+02
   5.52800000e+03   1.00000000e+03   4.50500000e+03   3.24000000e+03
   1.00000000e+03   2.82800000e+03   3.57900000e+03   4.11800000e+03
   3.73200000e+03   1.00000000e+03   3.48300000e+03   2.50000000e+03
   3.15400000e+03   2.19600000e+03   2.50000000e+03   3.73600000e+03
   2.50000000e+03   4.49900000e+03   3.06700000e+03   4.11000000e+03
   4.37200000e+03   5.00000000e+03   5.00000000e+02   4.73300000e+03
   3.88100000e+03   4.82400000e+03   2.50000000e+03   1.00000000e+03
   4.68800000e+03   3.92600000e+03   2.08400000e+03   3.33000000e+03
   2.50000000e+03   2.50000000e+03   2.96300000e+03   2.50000000e+03
   3.00900000e+03   2.89800000e+03   5.00000000e+03   5.00000000e+03
   2.50000000e+02   2.50000000e+03   2.93500000e+03   3.39400000e+03
   4.48300000e+03   1.00000000e+01   7.50000000e+02   5.00000000e+02
   4.41100000e+03   2.41900000e+03   3.33900000e+03   2.69600000e+03
   5.00000000e+03   1.00000000e+02   4.93600000e+03   3.60000000e+03
   2.50000000e+03   5.00000000e+03   3.53300000e+03   3.93700000e+03
   5.56000000e+03   2.50000000e+03   5.64200000e+03   2.50000000e+03
   3.14300000e+03   2.64300000e+03   4.24300000e+03   1.81300000e+03
   7.50000000e+02   2.92500000e+03   1.87200000e+03   4.86300000e+03
   3.33400000e+03   5.00000000e+03   2.50000000e+03   1.00000000e+03
   2.50000000e+03   2.50000000e+03   3.55700000e+03   5.00000000e+03
   2.50000000e+03   4.17600000e+03   5.00000000e+03   1.00000000e+03
   5.00000000e+03   5.00000000e+02   1.00000000e+03   4.13600000e+03
   7.50000000e+02   1.00000000e+03   3.32800000e+03   4.47000000e+03
   2.50000000e+03   5.00000000e+03   2.50000000e+03   1.00000000e+03
   2.50000000e+03   2.31200000e+03   3.25400000e+03   2.50000000e+03
   5.00000000e+03   4.79400000e+03   1.53000000e+03   2.50000000e+03
   2.50000000e+03   2.79300000e+03   2.50000000e+03   4.41500000e+03
   3.24300000e+03   4.44800000e+03   1.00000000e+03   1.00000000e+03
   2.18500000e+03   5.00000000e+03   4.68600000e+03   2.50000000e+03
   7.50000000e+02   3.10500000e+03   3.70900000e+03   3.42500000e+03
   4.66300000e+03   2.50000000e+03   2.50000000e+03   5.17000000e+03
   2.50000000e+03   4.15500000e+03   3.36400000e+03   1.00000000e+03
   2.50000000e+03   2.50000000e+03   2.22200000e+03   3.50700000e+03
   2.50000000e+03   2.50000000e+03   3.64300000e+03   4.60700000e+03
   5.00000000e+03   2.97600000e+03   1.00000000e+03   2.50000000e+03
   2.50000000e+03   3.56700000e+03   5.00000000e+00   4.28800000e+03
   1.77400000e+03   5.69600000e+03   2.50000000e+03   3.26800000e+03
   2.50000000e+03   3.43000000e+03   2.33500000e+03   2.50000000e+03
   3.22900000e+03   2.50000000e+03   3.48600000e+03   2.50000000e+03
   2.20200000e+03   2.50000000e+03   2.11600000e+03   2.50000000e+03
   2.50000000e+03   2.50000000e+03   2.18800000e+03   3.80000000e+03]
Average K: 2934.61588542

Training model f_7sec
Final results
768 out of 768
R2: [-0.01775493  0.07411996  0.07537286  0.09800379  0.06285924  0.18511098
  0.06623067  0.08975138  0.17410589  0.08767707  0.04931709  0.09182399
  0.071156    0.16494894  0.0958047   0.08853422  0.05801729  0.14766049
  0.04588168  0.13645006  0.118773    0.04382049  0.0517968   0.07489509
  0.06874073  0.08231638  0.12335622  0.0642051   0.07282285  0.09272244
  0.16884108  0.07271714  0.08738986  0.10852609  0.1387454   0.02066403
  0.07008957  0.07216182  0.06173826  0.04660565  0.08710201  0.07749141
  0.10986456  0.04663571  0.08064225  0.12584337  0.06995491  0.08057706
  0.06901498  0.05705395  0.07373806  0.14947924  0.10811841  0.06962635
  0.07892752  0.167654    0.06549563  0.04486242  0.08494958  0.13775963
  0.04885734  0.05649984  0.07705769  0.07344617  0.15217509  0.05868043
  0.04636355  0.16726604  0.0279252   0.11471748  0.05177185  0.10414872
  0.06804619  0.05142013  0.01610158  0.02433087  0.1497922   0.04645961
  0.05289331  0.09386952  0.13300545  0.00806329  0.07550001  0.12332053
  0.07398566  0.04012508  0.02753153  0.05525784  0.08977806  0.09898164
  0.1158266   0.05215996  0.0781672   0.06675755  0.10511886  0.00854054
  0.04664734  0.13404906  0.0978039   0.03908822  0.10159826  0.01663312
  0.05128326  0.07125905  0.09214107  0.06157324  0.08136842  0.04392374
  0.0542488   0.09892764  0.08636451  0.13316071  0.0761188   0.03861265
  0.0617046   0.13281104  0.07723317  0.13763084  0.08909965  0.08525178
  0.07578793  0.11160945  0.07831709  0.09059298  0.08465417  0.11931564
  0.05388805  0.11434268  0.05074954  0.0446069   0.05618625  0.14753238
  0.06697376  0.10360502  0.11607992  0.07311927  0.10317598  0.11832112
  0.04866123  0.11258231  0.08417428  0.07081095  0.10912771  0.0664967
  0.0536246   0.02720619  0.05494454  0.07513516  0.13683113  0.13628528
  0.09870876  0.21912341  0.01397384  0.07219507  0.03944114  0.05388589
  0.07011698  0.07288336  0.06054263  0.20371988  0.07255997  0.1125819
  0.03761574  0.10082473  0.06468941  0.04206803  0.0208662   0.04645263
  0.04655952  0.05731     0.09745497  0.07576116  0.24778918  0.13055115
  0.14226447  0.04644088  0.03024369  0.04893272  0.09758533  0.06400198
  0.0979963   0.07079989  0.05598492  0.02426475  0.15678581  0.03123292
  0.05174408  0.10028938  0.12245469  0.04531551  0.08742614  0.03283189
  0.08147509  0.04004332  0.07380648  0.13337791  0.09755258  0.07007466
  0.03878327  0.07234814  0.10870525  0.04578561  0.22512828  0.049255
  0.07692447  0.10491048  0.09721202  0.13738986  0.04908625  0.06740028
  0.06002668  0.04951136  0.13716173  0.05095159  0.02819608  0.06940068
  0.05887187  0.07457346  0.12480252  0.0480448   0.11780197  0.05013842
  0.11823326  0.02939556  0.21421245  0.13729444  0.0370541   0.05711568
  0.02778055  0.06881869  0.07879217  0.08303775  0.06325512  0.06476225
  0.06751609  0.08522277  0.12356925  0.10858411  0.15050363  0.08680396
  0.0837112   0.08612267  0.09763486  0.08296504  0.07234281  0.08333428
  0.17883305  0.04736998  0.10573736  0.03781207  0.16611006  0.10391433
  0.14068357  0.1417861   0.09777937  0.08893211  0.2508454   0.10271552
  0.02230143  0.07520747  0.20978257  0.0662306   0.15247343  0.0517614
  0.10980139  0.06424787  0.08026364  0.17092582  0.11972209  0.04647684
  0.1173069   0.13247687  0.0847185   0.22802512  0.17093147  0.05544292
  0.06289107  0.09853962  0.03868709  0.0343859   0.081045    0.06824608
  0.14093594  0.10501188  0.06881614  0.11507339  0.07618592  0.13058028
  0.07804443  0.02539427  0.07404637  0.08111239  0.07064439  0.02167805
  0.1222269   0.08064721  0.0973152   0.08782335  0.0961949   0.06629923
  0.07716769  0.06886319  0.11938353  0.04475984  0.06650363  0.10138219
  0.08042166  0.08630816  0.06896909  0.08564181  0.06542499  0.09819606
  0.15084853  0.07248589  0.08705372  0.07731432  0.04411358  0.02304678
  0.0481796   0.10955448  0.1029816   0.1587088   0.10157155  0.03753881
  0.2456315   0.1220486   0.09854747  0.08051142  0.12917456  0.1128253
  0.0817831   0.05998065  0.10093644  0.05848148  0.08085735  0.22190124
  0.06360493  0.04598563  0.08772211  0.09435014  0.09583025  0.03374721
  0.20571384  0.07564666  0.11853598  0.11131098  0.1209442   0.14812127
  0.05880266  0.07246522  0.07950411  0.14806004  0.09243177  0.08776141
 -0.02314047  0.04890561  0.06546924  0.05924816  0.03000482  0.04027213
  0.09751527  0.07487724  0.07762831  0.0783607   0.04064646  0.07667225
  0.10352561  0.14979353  0.12028511  0.0644273   0.03241932  0.09667002
  0.11558179  0.11419713  0.03035585  0.04432102  0.11028008  0.12409724
  0.08834258  0.07376377  0.08458963  0.09201156  0.09295959  0.07255997
  0.08402697  0.04949     0.05371093  0.15719386  0.06293701  0.09029248
  0.0600525   0.11296667  0.17182389  0.02081284  0.21367826  0.20751058
  0.11855046  0.06011683  0.05440154  0.0192294   0.14486592  0.10140933
  0.05042366  0.06232965  0.08432848  0.11458052  0.12972373  0.04941435
  0.06371607  0.13837669  0.09058066  0.05966905  0.11576754  0.10143504
  0.01347303  0.10879251  0.12939363  0.04770252  0.0686251   0.08569649
  0.12898455  0.07433067  0.17985356  0.06241396  0.04884493  0.09253183
  0.10445257  0.08563821  0.13017378  0.07781386  0.08953347  0.08228917
  0.05409771  0.08430162  0.09860856  0.04877183  0.05286911  0.22552473
  0.03252804  0.12996835  0.08131379  0.10620871  0.12579054  0.06038896
  0.08595646  0.18979136  0.10788824  0.06560451  0.10435521  0.05259552
  0.10434406  0.05922619  0.04250424  0.10297555  0.07632176  0.03368472
  0.08729037  0.03964893  0.02801749  0.04104257  0.06186188  0.15937255
  0.18461869  0.04976128  0.09161179  0.13031336  0.13043838  0.05079143
  0.0343537   0.07540018  0.01251241  0.10918681  0.09903729  0.18180739
  0.13021683  0.05418816  0.05112431  0.0250217   0.04412291  0.03510388
  0.06692139  0.04602393  0.05690804  0.06679727  0.07595442  0.14794767
  0.06971634  0.10689669  0.0643287   0.01673792  0.08553385  0.07493295
  0.05127133  0.0971985   0.10042057  0.07979756  0.10111159  0.04813957
  0.06388821  0.04179322  0.04219528  0.07753444  0.04696105  0.03848819
  0.08199996  0.05425656  0.0682626   0.07486946  0.05675526  0.07328928
  0.10325068  0.05789516  0.05130078  0.11680346  0.09057149  0.06539844
  0.03605552  0.05510107  0.12595048  0.08598972  0.20790389  0.09562161
  0.11644743  0.12640452  0.1490342   0.03661854  0.04384007  0.11236564
  0.05090943  0.06125892  0.13371428  0.05622387  0.10883945  0.08843535
  0.03643045  0.075364    0.03762354  0.1052922   0.06612687  0.14781753
  0.05649706  0.08090075  0.10263855  0.04785893  0.0941508   0.06622921
  0.03924727  0.03201724  0.06856076  0.03791162  0.00648849  0.10088884
  0.1090893   0.15166616  0.07676346  0.10014833  0.0809799   0.04593664
  0.10307563  0.12246919  0.06073314  0.06933278  0.14707507  0.04829885
  0.12918557  0.04057141  0.13432397  0.02748184  0.02808316  0.09837215
  0.08529172  0.08075589  0.13519193  0.09158141  0.06147114  0.12595979
  0.04346378  0.11202066  0.07733951  0.06509938  0.08394096  0.02739799
  0.08040404  0.07413619  0.0367615   0.10139079  0.04724169  0.07404743
  0.04132671  0.03943938  0.06649364  0.03666327  0.08937368  0.06539298
  0.04604542  0.12336498  0.04505165  0.07777022  0.04452437  0.03670486
  0.1644784   0.01705652  0.10989613  0.04644833  0.07323728  0.08231613
  0.06868051  0.0846032   0.0453997   0.09303057  0.1900906   0.21103862
  0.09582317  0.06894914  0.04230856  0.09286251  0.04407558  0.03117169
  0.14434757  0.05387216  0.04658817  0.08802997  0.10337269  0.0259691
  0.07618943  0.07501833  0.06634313  0.17844376  0.15219717  0.07238759
  0.04888562  0.08353337  0.10592276  0.08439557  0.1220782   0.14647597
  0.06921635  0.08812276  0.14467352  0.12949036  0.07484994  0.0871565
  0.02670185  0.05842669  0.02132787  0.01628508  0.11302107  0.12454615
  0.05290704 -0.02936534  0.07635284  0.08133884  0.06125845  0.09945656
  0.20500125  0.05107875  0.1020224   0.03776667  0.04913866  0.08413512
  0.09771316  0.0864103   0.04604109  0.05281562  0.06029815  0.04199504
  0.04004104  0.09486148  0.04771377  0.0588606   0.04251512  0.05193183
  0.06753219  0.05140198  0.09771401  0.06935752  0.10988544  0.05485786
  0.14397339  0.08000923  0.18254073  0.05001218  0.0864099   0.09259302
  0.1013809   0.05452171  0.08437181  0.08741489  0.14524803  0.07771168
  0.06893997  0.02278389  0.05588136  0.1518436   0.0946689   0.22113784
  0.05282979  0.08063636  0.05805782  0.04233203  0.07202276  0.09731082
  0.06092847  0.07043552  0.0378759   0.15992531  0.08971753  0.07306373
  0.08931026  0.14199578  0.0585609   0.09483434  0.08497717  0.10164174
  0.1108838   0.16578286  0.03778124  0.03654867  0.09052425  0.02624214
  0.0506844   0.04866747  0.16575232  0.08522743  0.14603179  0.07261438
  0.16757975  0.07863822  0.0694843   0.06716143  0.06571388  0.09822491
  0.10314495  0.0591521   0.03696186  0.10432673  0.0640594   0.09153815
  0.083704    0.04320985  0.06884541  0.05857472  0.09956503  0.03022309
  0.04710354  0.05424278  0.00279812  0.07558049  0.03571862  0.12274323
  0.07111233  0.10658452  0.10034389  0.0623173   0.02369739  0.06178276
  0.05879682  0.13565223  0.12740155  0.07127696  0.09260326  0.04356869
  0.00460689  0.00709317  0.11019625  0.22051445  0.09145554  0.10718148]
Average R2: 0.0838930403
Alphas: [38311.86849557   14677.99267622   38311.86849557   18656.63578577
   23713.73705662   18656.63578577   14677.99267622   14677.99267622
   14677.99267622   23713.73705662   14677.99267622   14677.99267622
   30141.62529877    9085.17575652   14677.99267622   18656.63578577
   14677.99267622   18656.63578577   18656.63578577   14677.99267622
   14677.99267622   18656.63578577   18656.63578577   11547.81984689
   18656.63578577   11547.81984689   18656.63578577   30141.62529877
   11547.81984689   23713.73705662   18656.63578577   14677.99267622
   14677.99267622   18656.63578577    7147.70576794   48696.75251659
   23713.73705662   11547.81984689   14677.99267622   23713.73705662
   14677.99267622   14677.99267622   14677.99267622   38311.86849557
   14677.99267622    9085.17575652   14677.99267622   23713.73705662
   30141.62529877   23713.73705662   14677.99267622   14677.99267622
   23713.73705662   18656.63578577   23713.73705662   23713.73705662
   14677.99267622   23713.73705662   30141.62529877   18656.63578577
   23713.73705662   14677.99267622   18656.63578577   18656.63578577
   18656.63578577   14677.99267622   23713.73705662   14677.99267622
   38311.86849557   23713.73705662   14677.99267622   14677.99267622
   18656.63578577   11547.81984689   61896.58188913   38311.86849557
   18656.63578577   30141.62529877   38311.86849557   18656.63578577
   14677.99267622  100000.           18656.63578577   18656.63578577
   11547.81984689   38311.86849557   23713.73705662   23713.73705662
   14677.99267622   38311.86849557   23713.73705662   18656.63578577
   11547.81984689   18656.63578577   14677.99267622   30141.62529877
   18656.63578577   18656.63578577   18656.63578577   30141.62529877
    9085.17575652   48696.75251659   18656.63578577   14677.99267622
   23713.73705662   23713.73705662   30141.62529877   18656.63578577
   30141.62529877   23713.73705662   14677.99267622   23713.73705662
   23713.73705662   18656.63578577   18656.63578577   11547.81984689
   14677.99267622   14677.99267622   30141.62529877   11547.81984689
   18656.63578577   14677.99267622   38311.86849557   23713.73705662
    9085.17575652   14677.99267622   38311.86849557   18656.63578577
   23713.73705662   18656.63578577   18656.63578577   18656.63578577
   14677.99267622   30141.62529877   30141.62529877   18656.63578577
   23713.73705662   14677.99267622   14677.99267622   23713.73705662
   23713.73705662   23713.73705662   14677.99267622   18656.63578577
   23713.73705662   14677.99267622   14677.99267622   23713.73705662
   18656.63578577   14677.99267622   23713.73705662   14677.99267622
   78674.38076599   38311.86849557   23713.73705662   18656.63578577
   11547.81984689   18656.63578577   23713.73705662   11547.81984689
   14677.99267622   14677.99267622   30141.62529877   30141.62529877
   11547.81984689   23713.73705662    5623.4132519    14677.99267622
   23713.73705662   30141.62529877   30141.62529877   23713.73705662
   14677.99267622   23713.73705662   14677.99267622   18656.63578577
   38311.86849557   23713.73705662   14677.99267622   18656.63578577
   11547.81984689   14677.99267622   23713.73705662   18656.63578577
   23713.73705662   18656.63578577   14677.99267622   18656.63578577
   11547.81984689   18656.63578577   18656.63578577   18656.63578577
   18656.63578577   30141.62529877   18656.63578577   18656.63578577
   14677.99267622   18656.63578577   14677.99267622   30141.62529877
   11547.81984689   18656.63578577   18656.63578577   18656.63578577
   11547.81984689   18656.63578577   18656.63578577   14677.99267622
   14677.99267622   18656.63578577   18656.63578577   30141.62529877
   14677.99267622   30141.62529877   48696.75251659   14677.99267622
   14677.99267622   14677.99267622   23713.73705662   30141.62529877
   14677.99267622   18656.63578577   18656.63578577   30141.62529877
   11547.81984689   14677.99267622   18656.63578577   18656.63578577
   23713.73705662   30141.62529877   23713.73705662   18656.63578577
   14677.99267622   23713.73705662   18656.63578577   23713.73705662
   23713.73705662   14677.99267622   11547.81984689   30141.62529877
   30141.62529877   14677.99267622   18656.63578577   11547.81984689
   23713.73705662   30141.62529877   11547.81984689   18656.63578577
   18656.63578577   23713.73705662   11547.81984689   14677.99267622
   18656.63578577   23713.73705662   23713.73705662   30141.62529877
   14677.99267622   23713.73705662   30141.62529877   14677.99267622
   18656.63578577   30141.62529877   11547.81984689   23713.73705662
   23713.73705662   14677.99267622   14677.99267622   18656.63578577
   23713.73705662   18656.63578577   18656.63578577   23713.73705662
   23713.73705662   14677.99267622   14677.99267622   18656.63578577
   14677.99267622   30141.62529877   30141.62529877   78674.38076599
   14677.99267622   30141.62529877   18656.63578577   11547.81984689
   14677.99267622   14677.99267622   23713.73705662   18656.63578577
   18656.63578577   61896.58188913   23713.73705662   18656.63578577
   38311.86849557   23713.73705662   11547.81984689   23713.73705662
   18656.63578577   14677.99267622   23713.73705662   23713.73705662
   11547.81984689   18656.63578577   14677.99267622   23713.73705662
   23713.73705662   23713.73705662   23713.73705662   11547.81984689
   14677.99267622   11547.81984689   30141.62529877   14677.99267622
   11547.81984689   23713.73705662   30141.62529877   30141.62529877
   38311.86849557   23713.73705662   18656.63578577   18656.63578577
   18656.63578577   23713.73705662   18656.63578577   48696.75251659
   14677.99267622   14677.99267622   11547.81984689   30141.62529877
   23713.73705662   11547.81984689   18656.63578577   14677.99267622
   18656.63578577   18656.63578577   18656.63578577   18656.63578577
   18656.63578577   18656.63578577   18656.63578577   23713.73705662
   14677.99267622   14677.99267622   14677.99267622   18656.63578577
   14677.99267622   11547.81984689   14677.99267622   14677.99267622
   38311.86849557   18656.63578577   14677.99267622   14677.99267622
   14677.99267622   23713.73705662  100000.           11547.81984689
   23713.73705662   14677.99267622   18656.63578577   14677.99267622
   23713.73705662   14677.99267622   30141.62529877   11547.81984689
   30141.62529877   14677.99267622   11547.81984689    9085.17575652
   18656.63578577   14677.99267622   23713.73705662   18656.63578577
   23713.73705662   23713.73705662   23713.73705662   30141.62529877
   30141.62529877   11547.81984689   11547.81984689   23713.73705662
   30141.62529877   14677.99267622   23713.73705662   14677.99267622
   14677.99267622   30141.62529877   14677.99267622   18656.63578577
   23713.73705662   30141.62529877   30141.62529877   18656.63578577
   11547.81984689   23713.73705662   14677.99267622   11547.81984689
   18656.63578577   14677.99267622   38311.86849557   23713.73705662
   14677.99267622   23713.73705662   18656.63578577   18656.63578577
   18656.63578577    7147.70576794   18656.63578577   30141.62529877
   38311.86849557   11547.81984689   18656.63578577   18656.63578577
   14677.99267622   14677.99267622   23713.73705662   14677.99267622
   14677.99267622   23713.73705662   14677.99267622   11547.81984689
   14677.99267622   18656.63578577   11547.81984689   14677.99267622
   23713.73705662   30141.62529877   11547.81984689   23713.73705662
   23713.73705662   14677.99267622    7147.70576794   30141.62529877
   30141.62529877   11547.81984689   14677.99267622   14677.99267622
   23713.73705662    9085.17575652   30141.62529877   11547.81984689
   30141.62529877   14677.99267622   14677.99267622   23713.73705662
   14677.99267622   14677.99267622   14677.99267622   23713.73705662
   14677.99267622   18656.63578577   14677.99267622   30141.62529877
   23713.73705662   23713.73705662   23713.73705662   30141.62529877
   30141.62529877   18656.63578577   18656.63578577   14677.99267622
   23713.73705662   23713.73705662   11547.81984689   30141.62529877
   14677.99267622   18656.63578577   14677.99267622   18656.63578577
   38311.86849557   11547.81984689   18656.63578577   23713.73705662
   11547.81984689   18656.63578577   18656.63578577   23713.73705662
   23713.73705662   30141.62529877   23713.73705662   11547.81984689
   30141.62529877   38311.86849557   23713.73705662   14677.99267622
   30141.62529877   11547.81984689   18656.63578577   11547.81984689
   14677.99267622   30141.62529877   18656.63578577   18656.63578577
   23713.73705662   18656.63578577   18656.63578577   14677.99267622
   14677.99267622   30141.62529877   14677.99267622   23713.73705662
   30141.62529877   23713.73705662   18656.63578577   18656.63578577
   18656.63578577   18656.63578577   30141.62529877   30141.62529877
   23713.73705662    9085.17575652   11547.81984689   18656.63578577
   38311.86849557   11547.81984689   18656.63578577   30141.62529877
   48696.75251659   38311.86849557   14677.99267622   38311.86849557
    9085.17575652   11547.81984689   14677.99267622   18656.63578577
   11547.81984689   23713.73705662   11547.81984689   14677.99267622
   30141.62529877   18656.63578577   18656.63578577   18656.63578577
   14677.99267622   14677.99267622   18656.63578577   18656.63578577
   30141.62529877   14677.99267622   23713.73705662   23713.73705662
   14677.99267622   11547.81984689    9085.17575652   18656.63578577
   14677.99267622   14677.99267622   18656.63578577   30141.62529877
   38311.86849557   38311.86849557   18656.63578577   18656.63578577
   14677.99267622   18656.63578577   30141.62529877   23713.73705662
   14677.99267622   30141.62529877   11547.81984689   18656.63578577
   14677.99267622   23713.73705662   11547.81984689   14677.99267622
   14677.99267622   23713.73705662   11547.81984689   30141.62529877
   18656.63578577   18656.63578577   14677.99267622   30141.62529877
   30141.62529877   14677.99267622   23713.73705662   11547.81984689
   48696.75251659   23713.73705662   14677.99267622   23713.73705662
   18656.63578577   18656.63578577   18656.63578577   14677.99267622
   18656.63578577   14677.99267622   38311.86849557   14677.99267622
   18656.63578577   23713.73705662   14677.99267622   23713.73705662
   14677.99267622   11547.81984689   14677.99267622   14677.99267622
   38311.86849557   14677.99267622   18656.63578577   11547.81984689
   18656.63578577   48696.75251659    9085.17575652   78674.38076599
   38311.86849557   11547.81984689   30141.62529877   18656.63578577
    9085.17575652   18656.63578577   11547.81984689   11547.81984689
   14677.99267622   14677.99267622   18656.63578577   18656.63578577
   30141.62529877   23713.73705662   11547.81984689   30141.62529877
   18656.63578577   23713.73705662   18656.63578577   61896.58188913
   18656.63578577   23713.73705662   11547.81984689   18656.63578577
   14677.99267622   23713.73705662   14677.99267622   14677.99267622
   30141.62529877   23713.73705662   11547.81984689   11547.81984689
   14677.99267622   14677.99267622   11547.81984689   18656.63578577
   30141.62529877   23713.73705662   48696.75251659   18656.63578577
   18656.63578577   78674.38076599   11547.81984689   18656.63578577
   38311.86849557  100000.           14677.99267622   18656.63578577
   30141.62529877   14677.99267622   11547.81984689   23713.73705662
   23713.73705662   14677.99267622   38311.86849557   30141.62529877
   14677.99267622   30141.62529877   18656.63578577   30141.62529877
   23713.73705662   14677.99267622   18656.63578577   18656.63578577
   18656.63578577   18656.63578577   38311.86849557   14677.99267622
   14677.99267622   14677.99267622   11547.81984689   30141.62529877
   18656.63578577   23713.73705662   18656.63578577   11547.81984689
   11547.81984689   14677.99267622   14677.99267622   23713.73705662
   23713.73705662   30141.62529877   14677.99267622   18656.63578577
   18656.63578577   14677.99267622   18656.63578577   61896.58188913
   14677.99267622   11547.81984689   11547.81984689   11547.81984689
   11547.81984689   30141.62529877   14677.99267622   14677.99267622
   23713.73705662   14677.99267622   18656.63578577   18656.63578577
   23713.73705662   14677.99267622   11547.81984689   23713.73705662
   23713.73705662   11547.81984689   14677.99267622   18656.63578577
   18656.63578577   14677.99267622    9085.17575652    9085.17575652
   23713.73705662   23713.73705662   30141.62529877   30141.62529877
   23713.73705662   18656.63578577   18656.63578577   11547.81984689
   14677.99267622   18656.63578577   11547.81984689   18656.63578577
   18656.63578577   30141.62529877   30141.62529877   23713.73705662
   14677.99267622   14677.99267622   18656.63578577   23713.73705662
   18656.63578577   18656.63578577   23713.73705662   38311.86849557
   18656.63578577   23713.73705662   18656.63578577   30141.62529877
   30141.62529877   18656.63578577   18656.63578577   23713.73705662
   23713.73705662   18656.63578577   18656.63578577   23713.73705662
   11547.81984689   18656.63578577   30141.62529877   38311.86849557
   14677.99267622   14677.99267622   11547.81984689   14677.99267622
   18656.63578577   23713.73705662   61896.58188913   23713.73705662
   14677.99267622    9085.17575652   14677.99267622   11547.81984689]
Ks: [25.  2500.  5000.  2500.  2500.  5000.  2500.  2500.  5000.  5000.
  2500.  2500.  5000.  1419.  2405.  2500.  1000.  5000.  2500.  2614.
  2500.  2500.  2500.  2500.  2500.  2500.  2865.  5000.  2500.  5000.
  5000.  2848.  1700.  3259.   750.  2500.  4022.  1272.  2500.  5000.
  2500.  2500.  2500.  5000.  2500.  1390.  1819.  5000.  5000.  5000.
  1904.  1987.  4682.  2525.  2623.  5000.  2500.  2500.  5000.  5000.
  1647.  2500.  2500.  2500.  3897.  2500.  5000.  2181.   750.  5000.
  2500.  2500.  2500.  1000.  2500.  1855.  5000.  5000.  5000.  2500.
  2500.  1000.  3330.  3042.  2500.  1000.  1303.  1727.  2500.  5000.
  5000.  2500.  2500.  2500.  2192.  2500.  2500.  5000.   750.  5000.
  1227.  1409.  2500.  2500.  5000.  2500.  5000.  2500.  5000.  5000.
  2500.  5000.  5000.  1984.  2500.  1816.  2500.  2500.  5000.  2500.
  5000.  1960.  5000.  5000.  2500.  2128.  5000.  5000.  5000.  2500.
  2500.  3013.  2500.  5000.  5000.  5000.  4120.  2666.   750.  5000.
  3010.  5000.  2500.  2500.  2500.  1017.  2500.  1744.  5000.  2635.
  2500.  5000.  5000.  5000.  5000.  2500.  2500.  3051.  5000.  2662.
  2500.  2500.  1478.  5000.  2500.  5000.    75.  2500.  2500.  5000.
  3718.  5000.  5000.  3977.  5000.  2500.  5000.  5000.  2500.  2500.
  1573.  2110.  2500.  2500.  5000.  2500.  2500.  2500.  2500.  1252.
  2500.  2500.  2897.  5000.  2500.  3712.  1918.  2500.  1408.  2921.
  2500.  2500.  5000.  2500.  2500.  5000.  2422.  2500.  2500.  2500.
  2500.  4245.  2500.  2500.  2869.  2500.  2500.  2500.  5000.  5000.
  2500.  2500.  2616.  5000.  3755.  2827.  2500.  2500.  2500.  5000.
  5000.  2500.  2500.  2500.  2500.  2498.  2500.  2500.  2500.  3308.
  2752.  2500.  2500.  2500.  2681.  5000.  1526.  2500.  5000.  2500.
  2500.  2631.  3982.  3883.  5000.  3149.  5000.  5000.  2500.  2500.
  5000.  2496.  2500.  2500.  5000.  2500.  2500.  5000.  5000.  5000.
  2571.  3808.  5000.  3467.  5000.  2500.  2605.  4208.  5000.  5000.
  2500.  5000.  3367.  1000.  2500.  2620.  5000.  3494.  2500.  5000.
  1760.  2500.  5000.  2500.  2617.  2500.  5000.  2500.  5000.  5000.
  2500.  2500.  2500.  2500.  5000.  5000.  5000.  1320.  2500.  2500.
  5000.  2500.  2344.  5000.  5000.  5000.  2500.  2748.  2998.  2500.
  5000.  5000.  2500.  5000.  4800.  2500.  2500.  5000.  3399.  2500.
  2500.  2500.  5000.  2500.  2500.  5000.  2500.  2500.  3367.  5000.
  2500.  1205.  5000.  2500.  2500.  2500.  2500.  2500.  5000.  2500.
  2500.  2500.  2500.  5000.    50.  1000.  2500.  2500.  1644.  2500.
  3641.  2500.  5000.   750.  1000.  2500.  2500.  2500.  3600.   990.
  2500.  3852.  5000.  5000.  2563.  2792.  5000.  1982.  2500.  5000.
  2447.  1546.  5000.  2500.  2100.  2500.  2500.  3249.  3522.  5000.
  5000.  5000.  2500.  2500.  3475.  2987.  3094.  2500.  5000.   750.
  3447.  2500.  2500.  5000.  2500.  1716.  2815.  5000.  4241.  1926.
  2290.  5000.  2918.  2500.  2500.  2500.  2500.  5000.  2500.  1193.
  2500.  2110.  2500.  2500.  2500.  5000.  2500.  5000.  5000.  2500.
  1000.  5000.  5000.  2500.  2500.  1334.  2500.  2255.  2500.  2500.
  5000.  2500.  2763.  2239.  2500.  3221.  2500.  2500.  2500.  2500.
  2500.  5000.  2500.  2500.  2500.  2692.  2971.   847.  2500.  1000.
  5000.  5000.  2273.  5000.  2500.  5000.  2500.  2638.  5000.  1000.
    25.  5000.  2500.  3512.  3317.  5000.  5000.  2500.  2500.  1000.
  5000.  5000.  2500.  1479.  3518.  2538.  5000.  2500.  2500.  2500.
  2500.  2907.  5000.  3081.  5000.  2500.  1932.  5000.  2500.  2500.
  2500.  5000.  2500.  2500.  2500.  2500.  5000.  5000.  5000.  1000.
  2500.  2590.  5000.  2500.  2500.  5000.  3776.  5000.  2500.  5000.
  2500.  1380.  2672.  5000.  2500.  2500.   750.  2500.  5000.  2500.
  4003.  1662.  2238.  2260.  2500.  2500.  2500.  2500.  2500.  5000.
  2500.  2500.  2500.  2500.  2500.  2500.  2500.  5000.  5000.  5000.
    25.  2500.  3016.  2435.  5000.  5000.  2500.  5000.  1743.  3409.
  2500.  5000.  1573.  2500.  2024.  2500.  2500.  5000.  2500.  3130.
  2500.  5000.  2603.  2500.  2500.  2500.  5000.  5000.  2500.  5000.
  2500.  2500.  2631.  2500.  2500.  2500.  2786.  2500.  2500.  2500.
  2500.  5000.  2034.   750.  2500.  2500.  5000.  2500.  2500.   250.
  5000.  1624.  2500.  5000.  5000.  2500.  5000.  5000.   500.  2500.
  2500.  3228.  2500.  2500.  2500.  2500.  5000.  2500.  2500.  5000.
  1802.  5000.  2214.  5000.  2976.  5000.  2500.  5000.  2500.  2967.
   500.  1726.  5000.  5000.  2500.  1803.  2500.  1891.  2500.  2989.
  2500.  2410.  5000.  5000.   750.  5000.  2332.  2677.  5000.     5.
  2500.  2500.  5000.  2500.  2465.  2500.  5000.  1000.  5000.  5000.
  2500.  5000.  2500.  5000.  1000.  2500.  1000.  2946.  2500.  2500.
  5000.  1309.  1169.  2500.  2500.  5000.  5000.  5000.  5000.  1000.
  2500.  2500.  2500.  5000.  5000.  5000.  5000.  1410.  5000.  2500.
  1970.  5000.  2500.  2500.  2500.  3568.  1000.  5000.  2500.  2500.
  2408.  2500.  2500.  1783.  5000.  3262.  2500.  2500.  5000.  2664.
  2500.  3519.  2500.  2793.   750.  1651.  2500.  5000.  5000.  2500.
  2500.  2500.  5000.  2500.  3208.  2500.  2500.  3630.  2500.  5000.
  5000.  2500.  2500.  2887.  2500.  5000.  2500.  2164.  5000.  5000.
  2500.  2500.  2500.  2500.  3612.  2500.   100.  5000.  2500.  5000.
  2500.  5000.  2500.  3129.  2500.  2768.  2500.  3122.  2580.  2500.
  2500.  2500.  2500.  1000.  1474.  2645.  2500.  2500.]
Average K: 3123.3125
