Training model roi_4sec
Final results
768 out of 768
R2: [ -2.42984108e-02   1.74176650e-02   4.33266254e-02   5.29737103e-02
   1.09834910e-02   1.15420789e-01   2.59394996e-02   3.53985555e-02
   1.77668553e-01   9.02790756e-02   2.40864416e-02   6.74696688e-02
   5.86659024e-02   1.56387155e-01   5.86128301e-02   3.80654219e-02
   2.61876493e-02   1.09649767e-01   1.12166353e-02   5.49550576e-02
   6.21938385e-02   9.77067230e-03   2.33187056e-02   2.74459396e-02
   4.00851071e-02   1.38799980e-02   6.74033924e-02   4.03367439e-02
   1.88949374e-02   8.43230898e-02   1.70150538e-01   4.10742410e-02
   6.51728827e-02   1.05272376e-01   9.50970844e-02   2.08492335e-02
   4.36198536e-02   2.35309724e-02   3.55137640e-02   3.36987711e-02
   4.25603200e-02   3.21894988e-02   7.57549692e-02   4.09645955e-02
   1.21347273e-02   9.01832852e-02   3.02960798e-02   3.45506518e-02
   5.63801468e-02   2.09378284e-02   1.50645790e-02   7.95537265e-02
   7.72676452e-02   6.81320024e-02   6.16200484e-02   1.36586881e-01
   2.60794748e-02   1.91027517e-02   5.84627332e-02   8.29365996e-02
   8.25387793e-03   1.14941190e-02   4.39175841e-02   2.48734628e-02
   1.24283809e-01   1.95304357e-02   2.91908801e-02   9.97678195e-02
   1.35487096e-02   9.63406549e-02  -2.47342663e-03   8.99232107e-02
   3.23412341e-02   1.65923771e-02   3.15203019e-03   4.82191698e-03
   1.41609117e-01   1.89516987e-02   4.00669812e-02   6.97392538e-02
   1.18564128e-01   1.38306078e-03   5.65332724e-02   9.64934483e-02
   7.66372768e-03   2.22653425e-02  -2.54881997e-03   4.99712885e-02
   5.76152782e-02   8.44515281e-02   7.81327036e-02   1.63182194e-02
   1.63510429e-02   4.32807398e-02   8.85335972e-02  -4.51542573e-04
   1.04722708e-02   1.00441309e-01   1.01499134e-01   3.67901637e-02
   3.93275459e-02   5.80880727e-03   1.34061676e-02   1.26620358e-02
   7.85986613e-02   2.69335989e-02   4.71332884e-02   4.62622160e-04
   3.21926649e-02   4.54820755e-02   4.80522602e-02   1.12825120e-01
   3.93735769e-02   1.84392316e-02   3.12093483e-02   9.50859413e-02
   1.12678841e-02   6.74778744e-02   7.55999298e-02   1.78648232e-02
   2.29774819e-02   7.71524182e-02   7.06431635e-02   1.01550403e-01
  -8.87839097e-03   1.32092952e-01   4.33594783e-02   6.42919059e-02
   1.94939333e-02   4.67745119e-03   1.15062366e-02   8.84423453e-02
   2.44321273e-03   6.54060443e-02   1.16388816e-01   3.33274600e-02
   1.13854519e-01   4.60470629e-02   2.04821332e-03   1.23632833e-01
   6.93774859e-02   3.68057409e-02   2.85272827e-02   3.37685432e-02
   3.64817672e-02   3.46652014e-04   4.15098385e-03   4.44930828e-02
   8.26156103e-02   9.95421477e-02   6.21578130e-02   2.08788879e-01
   1.42345481e-02   4.93355743e-02   1.41428661e-02   1.10394096e-02
   7.51113943e-03   4.44740737e-02   2.94780277e-02   1.62674238e-01
   2.51517014e-02   7.58418588e-02   1.67194309e-02   8.71630301e-02
   3.51446831e-03   9.57732335e-03   2.14751652e-02   1.72813140e-02
   8.58693682e-03   4.57483035e-02   1.01897476e-01   3.10333716e-02
   2.27865763e-01   8.83121651e-02   1.41428459e-01   7.13193288e-03
   1.89606995e-02   5.69175195e-02   3.46717340e-02   3.12788757e-02
   5.50800533e-02   3.26720392e-02   2.05519133e-02   5.25119927e-03
   1.31104875e-01   6.96350924e-04   2.17031032e-02   3.88375474e-02
   1.03211999e-01   5.91112590e-03   5.26246885e-02  -2.24217185e-03
   9.03579369e-02   2.30913171e-02   4.87779634e-02   8.84226318e-02
   6.78729363e-02   3.52864814e-02   8.19210544e-03   6.68452782e-02
   6.16827800e-02   1.82624923e-02   1.84112812e-01   6.92629995e-03
   1.19999703e-02   8.47520192e-02   5.19184390e-02   1.19506688e-01
   9.86685093e-03   1.49593161e-02   2.20449177e-02   4.22744197e-02
   1.16818603e-01   2.27063640e-02   1.61102416e-02   2.64035192e-02
   1.37731022e-02   2.24822901e-02   1.01772200e-01   2.58918038e-02
   8.93490974e-02   3.63368646e-03   1.04391135e-01   1.42536868e-02
   2.06232933e-01   1.12107276e-01   3.13972239e-03   1.90164404e-02
   1.31482811e-02   4.30081292e-02   4.17501083e-02   3.80835773e-02
   2.11852021e-02   1.86122357e-02   1.33373433e-02   2.54903375e-02
   6.97985488e-02   3.49090602e-02   1.26280557e-01   7.68102185e-02
   3.52889608e-02   2.29616740e-02   5.34615804e-02   3.70488024e-02
   3.90962806e-02   6.94586735e-02   1.01529394e-01   1.89694616e-03
   2.92538852e-02   3.22218665e-03   1.71417455e-01   6.40864791e-02
   1.26338726e-01   1.39503645e-01   9.23161062e-02   4.44102958e-02
   2.44757590e-01   9.52729442e-02   7.50454552e-03   3.48904728e-02
   2.06455829e-01   6.97062602e-02   1.29001641e-01   2.51971294e-02
   1.13409127e-01   1.69833515e-02   2.94832348e-02   1.69081947e-01
   9.68026158e-02   1.50449118e-02   7.10344668e-02   7.48262412e-02
   3.82790265e-02   2.14672446e-01   6.76475054e-02   3.64004064e-02
   3.75326622e-02   1.16407486e-01   1.72044883e-02   1.64032025e-02
   4.66849249e-02   4.78300604e-02   1.03997243e-01   3.05266194e-02
   2.41165226e-02   8.38504758e-02   5.25770875e-02   8.30922116e-02
   3.95462589e-02   1.70389934e-02   3.34400185e-02   2.87298866e-02
   6.11044323e-02  -9.65883803e-03   9.86440820e-02   4.57649729e-02
   5.41219135e-02   5.77211892e-02   8.41469787e-02   5.27611230e-02
   9.43176889e-03   3.00851638e-02   9.29882586e-02   3.28417019e-02
   5.00041829e-02   1.24128733e-01   5.54683199e-02   4.15452987e-02
   1.64050141e-02   1.90393569e-02   6.44522090e-02   7.19681611e-02
   1.55914034e-01   3.93769488e-02   6.46140762e-02   5.58731605e-02
   1.78235913e-02   1.76135218e-02   3.62575411e-02   5.92406529e-02
   6.76739449e-02   1.51638223e-01   5.15170558e-02   4.27996429e-02
   2.53122703e-01   8.99075952e-02   3.02022558e-02   4.68112148e-02
   1.23995300e-01   3.69655871e-02   4.12977809e-02   2.83136355e-02
   6.99440350e-02   1.24858197e-02   4.39374487e-02   2.32224139e-01
   3.80137308e-02   1.49714717e-03   5.80508721e-02   7.55896727e-02
   3.49515191e-02   1.95632092e-02   2.19423044e-01   2.51440885e-02
   8.71532763e-02   3.48074670e-02   8.79822074e-02   1.28812968e-01
   4.67014531e-02   4.51222486e-02   3.92711923e-02   9.74945776e-02
   2.30089306e-02   5.37949393e-02  -2.54560024e-02   2.23390868e-02
   3.16800392e-02   5.59386964e-05   2.60257210e-03   1.60154579e-02
   8.69389321e-02   3.82258519e-02   4.19092759e-02   5.13724504e-02
   1.41894294e-03   1.64265838e-02   2.23219334e-02   1.15760301e-01
   1.19728545e-01   2.87029145e-02  -6.10563162e-03   5.82089485e-02
   7.67275485e-02   8.17667133e-02   2.38820009e-02   3.52620980e-02
   9.38733180e-02   7.62806545e-02   3.34639628e-02   5.72231989e-02
   5.80353800e-02   7.20094182e-02   8.29942113e-02   3.44177496e-02
   4.13805344e-02   1.95626098e-02   2.60374935e-02   1.24276200e-01
   3.51116249e-02   5.83805049e-02   2.43959638e-02   8.30595032e-02
   1.70131392e-01   8.32753399e-03   1.41459554e-01   2.00724060e-01
   1.10828906e-01   5.30171924e-03   5.14143575e-02   1.29695006e-02
   1.43611280e-01   4.51998584e-02   4.11886687e-02   1.90246396e-02
   3.96670986e-02   6.91167158e-02   1.13050550e-01   3.63890504e-02
   4.34078051e-02   9.25365142e-02   5.72512164e-02   3.19594097e-02
   7.89269615e-02   6.71515022e-02  -3.69640256e-03   5.10892895e-02
   6.95821325e-02   1.39116513e-02   2.65438246e-02   3.82757901e-02
   9.29966599e-02   2.86721379e-02   1.37874838e-01   2.44641621e-02
   1.71968838e-02   4.97280301e-02   3.52235762e-02   6.62930114e-02
   8.44639552e-02   2.24049508e-02   9.62142792e-03   6.78650281e-02
   2.14662655e-02   1.39234302e-02   4.84453022e-02   1.64478728e-03
   1.07325541e-02   2.40591491e-01   7.42946228e-03   5.34564056e-02
   4.79797225e-02   2.52078767e-02   8.95721285e-02   3.79984486e-02
   5.06447836e-02   1.08950301e-01   5.86280065e-02   2.92126430e-02
   5.83485002e-02   3.64688353e-02   9.02878272e-02   5.02195684e-02
   1.89255927e-02   4.35860220e-02   5.26411134e-02   1.18982946e-02
   6.45937889e-02  -2.80251019e-03   1.02086123e-02   1.00625336e-02
   2.31772267e-02   1.53982949e-01   1.56702485e-01   2.65258398e-02
   4.51945318e-02   1.09593253e-01   1.16139012e-01   2.84116138e-02
   1.09007693e-02   1.39120877e-02   1.14317763e-02   7.84577716e-02
   6.97426308e-02   1.45506576e-01   1.01777926e-01   2.53857738e-02
   1.77213009e-02   1.85204876e-02   1.21976839e-02   4.61523288e-03
   4.92117269e-02   2.70409904e-02   2.47534653e-02   3.00306834e-02
   4.63511150e-02   1.07332739e-01   2.86164580e-02   4.98690562e-02
   1.64809231e-02   4.39977679e-03   3.24042038e-02   5.83070168e-02
   1.25328436e-02   8.06185897e-02   7.53372275e-02   1.76504255e-02
   6.42912665e-02   3.39536261e-02   2.65380922e-02   2.01192828e-02
   1.12695563e-02   3.66783784e-02   1.41930394e-02   8.16053575e-03
   1.81027290e-02   2.97804350e-02   4.69104855e-02   5.36624552e-02
   2.67506848e-02   1.68360404e-02   4.46162550e-02   3.80805893e-02
   3.20574154e-02   5.75217683e-02   5.46524026e-02   4.45659015e-02
   2.60928497e-02   8.10880429e-02   5.64489256e-02   7.62477054e-02
   2.04826587e-01   8.13023402e-02   9.70783505e-02   1.13878663e-01
   1.14068597e-01   9.01980790e-03   1.07911520e-02   7.83066857e-02
   2.56093571e-02   4.74980935e-02   1.37147591e-01   1.91290205e-02
   6.45064123e-02   5.10119162e-02   9.72512521e-03   1.79298232e-02
   4.43421632e-04   3.56223020e-02   4.52161224e-02   1.41839935e-01
   1.43414960e-02   1.20700345e-02   1.72435557e-02   1.93823453e-02
   5.75961439e-02   6.77645344e-03   6.00031028e-03   1.31691353e-02
   4.81179873e-02   3.56324690e-02   4.73073305e-04   8.81358794e-02
   1.02189701e-01   9.65500873e-02   4.11635476e-02   5.54279178e-02
   3.05164520e-02   2.82316218e-02   8.08706441e-02   1.07774449e-01
   1.08010550e-02   3.31394550e-02   1.49907029e-01   9.47204645e-03
   6.69294622e-02   2.28828169e-03   8.49998051e-02   3.58319945e-03
   2.56687008e-03   1.08617730e-01   5.75319871e-02   8.78385612e-02
   7.52603311e-02   2.58401435e-02   3.17285483e-02   5.15230046e-02
   3.28837746e-02   8.17863294e-02   3.38964425e-02   3.70052672e-02
   5.70558367e-02   6.15658203e-03   4.67437701e-02   2.40886742e-02
   1.40504567e-02   7.99803881e-02   2.89844806e-02   2.42144501e-02
   9.02392204e-03   1.60337369e-02   2.66284029e-02   1.44277394e-02
   7.55490928e-02   3.79595274e-02   1.99170599e-02   1.22744941e-01
   1.94106352e-02   4.29600649e-02   1.60521233e-02   2.80818165e-02
  0.14031203  0.00238985  0.02921188  0.04573951  0.07136398  0.00144592
  0.04747123  0.06246951  0.01114363  0.0345804   0.21442235  0.20216675
  0.06929019  0.0457197   0.02257707  0.06948419  0.0243076   0.00380013
  0.11825652  0.01636942  0.03093419  0.03856282  0.07053124  0.02878282
  0.04267419  0.04920868  0.00273127  0.12309856  0.09912672  0.03356061
  0.02927661  0.04008643  0.09770168  0.05923633  0.08013835  0.08524584
  0.04711014  0.05270879  0.1149991   0.12363384  0.04597459  0.03569453
  0.01722344  0.03335556 -0.00347524  0.00210942  0.09142434  0.07146452
  0.05076647 -0.03140112  0.02982701  0.03846389  0.05172862  0.09431332
  0.19192964  0.02038     0.07912245  0.00519253  0.02900288  0.07450305
  0.05917845  0.08320471  0.02197091  0.01488546  0.07596985  0.00771498
  0.03555925  0.06906851  0.01753895  0.02010969  0.03287847  0.00739707
  0.02356368  0.01359338  0.03048869  0.04440617  0.08383099  0.02561147
  0.09421248  0.02065511  0.17517389  0.00025422  0.0437112   0.06725638
  0.06642581  0.04026718  0.03992722  0.02916756  0.09717876  0.03279422
  0.02533145  0.02896111  0.00844929  0.09579649  0.04494412  0.22442948
  0.00206763  0.06798718  0.02205032  0.01420638  0.04442544  0.03730948
  0.01727118  0.04626091  0.0175224   0.10453299  0.02340984  0.08376611
  0.04659611  0.06454007  0.02484151  0.10656307  0.03200714  0.0635365
  0.10325328  0.08048718  0.0162627   0.02072864  0.07166889  0.01654499
  0.01725105  0.00218203  0.13318068  0.02884492  0.11062312  0.02365846
  0.10574344  0.04132995  0.04182773  0.03581814  0.03509418  0.04382335
  0.07653534  0.02745792  0.00229504  0.11396728  0.02284551  0.06288145
  0.04331343  0.03585276  0.01765791  0.01431343  0.08080246 -0.00117601
  0.04262081  0.04778971 -0.00172619  0.04675681  0.00834943  0.09993409
  0.02662983  0.06267917  0.05185378  0.02221819  0.00476087  0.02633445
  0.02695457  0.07391074  0.10318976  0.02757057  0.05875808  0.00206041
 -0.01267428  0.00028263  0.07982761  0.18767562  0.03621739  0.02925146]
Average R2: 0.052310377
Alphas: [ 100000.           30141.62529877   14677.99267622   18656.63578577
   48696.75251659    4424.18555385   30141.62529877   11547.81984689
    5623.4132519     7147.70576794   14677.99267622   14677.99267622
   23713.73705662    5623.4132519     9085.17575652   11547.81984689
   23713.73705662    5623.4132519    18656.63578577    5623.4132519
   14677.99267622   38311.86849557   30141.62529877   30141.62529877
    7147.70576794   23713.73705662    5623.4132519    23713.73705662
   11547.81984689    9085.17575652    7147.70576794   11547.81984689
   11547.81984689    7147.70576794    5623.4132519    30141.62529877
   11547.81984689   23713.73705662    7147.70576794   18656.63578577
    9085.17575652   11547.81984689    7147.70576794    9085.17575652
   14677.99267622    7147.70576794   11547.81984689    9085.17575652
   11547.81984689   48696.75251659   14677.99267622    4424.18555385
    9085.17575652    9085.17575652   11547.81984689    5623.4132519
   14677.99267622   18656.63578577    9085.17575652   11547.81984689
   23713.73705662   18656.63578577   18656.63578577   30141.62529877
    5623.4132519    30141.62529877   38311.86849557    5623.4132519
   38311.86849557   14677.99267622  100000.            9085.17575652
   11547.81984689   30141.62529877   30141.62529877   30141.62529877
    9085.17575652   38311.86849557   30141.62529877   11547.81984689
    7147.70576794   30141.62529877    9085.17575652    7147.70576794
   61896.58188913   30141.62529877   61896.58188913   14677.99267622
   11547.81984689   23713.73705662    9085.17575652   18656.63578577
    4424.18555385    9085.17575652    9085.17575652  100000.
   11547.81984689    5623.4132519    11547.81984689    9085.17575652
   23713.73705662   61896.58188913   30141.62529877   23713.73705662
   14677.99267622   38311.86849557   23713.73705662   61896.58188913
   30141.62529877   11547.81984689   11547.81984689    5623.4132519
   23713.73705662   11547.81984689   14677.99267622    5623.4132519
   14677.99267622    7147.70576794   14677.99267622   18656.63578577
   11547.81984689    9085.17575652   38311.86849557    9085.17575652
  100000.           11547.81984689   18656.63578577   14677.99267622
   14677.99267622   61896.58188913   18656.63578577    5623.4132519
   48696.75251659    9085.17575652    9085.17575652   30141.62529877
   11547.81984689   14677.99267622   61896.58188913   18656.63578577
   11547.81984689    9085.17575652    7147.70576794   18656.63578577
   11547.81984689   23713.73705662   38311.86849557   14677.99267622
    9085.17575652    5623.4132519    11547.81984689    3480.70058843
   48696.75251659   14677.99267622   14677.99267622   18656.63578577
   11547.81984689   11547.81984689   30141.62529877    4424.18555385
    9085.17575652    9085.17575652   48696.75251659   14677.99267622
   48696.75251659   48696.75251659   14677.99267622   23713.73705662
    7147.70576794   11547.81984689    7147.70576794   11547.81984689
    4424.18555385    9085.17575652    4424.18555385   48696.75251659
   23713.73705662   23713.73705662    9085.17575652   23713.73705662
    9085.17575652   14677.99267622   11547.81984689   18656.63578577
    9085.17575652   48696.75251659   30141.62529877   18656.63578577
    7147.70576794   23713.73705662    9085.17575652  100000.
    9085.17575652   18656.63578577   11547.81984689    7147.70576794
    5623.4132519    18656.63578577   38311.86849557   11547.81984689
    7147.70576794   38311.86849557    4424.18555385   61896.58188913
   48696.75251659    9085.17575652    9085.17575652    5623.4132519
   18656.63578577   14677.99267622   23713.73705662   23713.73705662
    5623.4132519    11547.81984689   18656.63578577   14677.99267622
   30141.62529877   23713.73705662   18656.63578577   23713.73705662
    5623.4132519    30141.62529877    7147.70576794   23713.73705662
    5623.4132519     7147.70576794  100000.           18656.63578577
   48696.75251659   11547.81984689    9085.17575652   18656.63578577
   30141.62529877   18656.63578577   38311.86849557   38311.86849557
   14677.99267622   14677.99267622    5623.4132519     7147.70576794
    9085.17575652   30141.62529877   18656.63578577    7147.70576794
   18656.63578577   11547.81984689    4424.18555385   48696.75251659
    9085.17575652  100000.            5623.4132519     7147.70576794
    7147.70576794    5623.4132519    18656.63578577   23713.73705662
    3480.70058843    9085.17575652   61896.58188913   14677.99267622
    4424.18555385   14677.99267622    4424.18555385   14677.99267622
    9085.17575652   30141.62529877   14677.99267622    5623.4132519
    7147.70576794   14677.99267622    5623.4132519    18656.63578577
   23713.73705662    5623.4132519     9085.17575652   14677.99267622
   11547.81984689    5623.4132519    38311.86849557   38311.86849557
   11547.81984689   48696.75251659    9085.17575652    4424.18555385
    5623.4132519    14677.99267622   23713.73705662   11547.81984689
    5623.4132519    38311.86849557   23713.73705662   30141.62529877
   18656.63578577   23713.73705662   14677.99267622   14677.99267622
   18656.63578577   18656.63578577    9085.17575652   11547.81984689
    9085.17575652   23713.73705662   11547.81984689    7147.70576794
   11547.81984689    7147.70576794   18656.63578577   11547.81984689
   30141.62529877   23713.73705662    9085.17575652    7147.70576794
    5623.4132519    18656.63578577   23713.73705662    9085.17575652
   30141.62529877   11547.81984689   14677.99267622   23713.73705662
   14677.99267622    7147.70576794    9085.17575652   11547.81984689
    4424.18555385    5623.4132519    11547.81984689   18656.63578577
   11547.81984689    9085.17575652   18656.63578577   18656.63578577
    7147.70576794   18656.63578577   14677.99267622    4424.18555385
   14677.99267622   38311.86849557    9085.17575652    7147.70576794
    9085.17575652   11547.81984689    4424.18555385   23713.73705662
   11547.81984689    7147.70576794    9085.17575652    7147.70576794
   14677.99267622    9085.17575652    7147.70576794    5623.4132519
   11547.81984689    9085.17575652  100000.           11547.81984689
    9085.17575652   61896.58188913   38311.86849557   14677.99267622
   11547.81984689   18656.63578577    9085.17575652    9085.17575652
   30141.62529877   48696.75251659    9085.17575652    7147.70576794
    5623.4132519    48696.75251659   78674.38076599   23713.73705662
    4424.18555385   11547.81984689   18656.63578577   30141.62529877
    9085.17575652    5623.4132519    23713.73705662   23713.73705662
   18656.63578577    7147.70576794   23713.73705662   30141.62529877
    7147.70576794   14677.99267622    7147.70576794    9085.17575652
    9085.17575652   11547.81984689   18656.63578577    9085.17575652
    4424.18555385   48696.75251659   11547.81984689    4424.18555385
    7147.70576794   18656.63578577    7147.70576794   61896.58188913
    4424.18555385   14677.99267622   11547.81984689   18656.63578577
   11547.81984689    7147.70576794   11547.81984689   30141.62529877
    9085.17575652    9085.17575652   14677.99267622   30141.62529877
   18656.63578577    7147.70576794  100000.            9085.17575652
    9085.17575652  100000.           18656.63578577    5623.4132519
    5623.4132519    38311.86849557    5623.4132519    23713.73705662
   11547.81984689    7147.70576794    9085.17575652   18656.63578577
   18656.63578577    9085.17575652   23713.73705662    7147.70576794
   11547.81984689   18656.63578577   11547.81984689   30141.62529877
   18656.63578577    3480.70058843   18656.63578577   11547.81984689
    9085.17575652   23713.73705662    7147.70576794    7147.70576794
   14677.99267622    5623.4132519    11547.81984689   48696.75251659
    9085.17575652   18656.63578577    9085.17575652   30141.62529877
   14677.99267622   30141.62529877   18656.63578577   30141.62529877
   14677.99267622  100000.           18656.63578577   23713.73705662
   30141.62529877    9085.17575652    4424.18555385   38311.86849557
   14677.99267622   18656.63578577    7147.70576794   23713.73705662
   14677.99267622   48696.75251659  100000.            9085.17575652
    7147.70576794    5623.4132519    14677.99267622   30141.62529877
   48696.75251659   38311.86849557   18656.63578577   38311.86849557
   23713.73705662   23713.73705662   14677.99267622   11547.81984689
   14677.99267622    7147.70576794   48696.75251659    7147.70576794
   14677.99267622   61896.58188913   23713.73705662   18656.63578577
  100000.           11547.81984689    9085.17575652   30141.62529877
   18656.63578577   38311.86849557    7147.70576794   11547.81984689
   48696.75251659   14677.99267622   14677.99267622   18656.63578577
   14677.99267622   11547.81984689   14677.99267622   14677.99267622
   38311.86849557   38311.86849557   18656.63578577   23713.73705662
   48696.75251659    7147.70576794    9085.17575652   78674.38076599
   18656.63578577   18656.63578577   14677.99267622   23713.73705662
    4424.18555385    5623.4132519     7147.70576794    7147.70576794
    5623.4132519    61896.58188913   30141.62529877    4424.18555385
   11547.81984689    9085.17575652    5623.4132519    18656.63578577
    9085.17575652   14677.99267622   38311.86849557   38311.86849557
   61896.58188913    7147.70576794   23713.73705662    7147.70576794
   14677.99267622   14677.99267622    9085.17575652   23713.73705662
    9085.17575652   23713.73705662   14677.99267622   30141.62529877
   18656.63578577    7147.70576794   30141.62529877   18656.63578577
    7147.70576794   11547.81984689   11547.81984689   11547.81984689
    7147.70576794   48696.75251659    7147.70576794    5623.4132519
   18656.63578577   18656.63578577    5623.4132519    23713.73705662
   18656.63578577   18656.63578577    4424.18555385   48696.75251659
   48696.75251659    7147.70576794    9085.17575652   14677.99267622
    9085.17575652   11547.81984689   18656.63578577   18656.63578577
   18656.63578577    7147.70576794   23713.73705662   11547.81984689
   11547.81984689   30141.62529877   11547.81984689   14677.99267622
   14677.99267622    7147.70576794   38311.86849557   30141.62529877
   38311.86849557   14677.99267622   14677.99267622   11547.81984689
    9085.17575652   11547.81984689   18656.63578577    9085.17575652
   61896.58188913   14677.99267622   18656.63578577   30141.62529877
    5623.4132519    48696.75251659   23713.73705662   30141.62529877
    9085.17575652   23713.73705662   38311.86849557   11547.81984689
   30141.62529877   11547.81984689    4424.18555385    4424.18555385
   18656.63578577    9085.17575652   18656.63578577   14677.99267622
   14677.99267622  100000.            5623.4132519    23713.73705662
   14677.99267622    5623.4132519    11547.81984689    9085.17575652
   23713.73705662   23713.73705662   61896.58188913   11547.81984689
    5623.4132519    18656.63578577   30141.62529877   18656.63578577
   18656.63578577    9085.17575652    7147.70576794    7147.70576794
    7147.70576794   23713.73705662    7147.70576794    7147.70576794
   11547.81984689   18656.63578577   23713.73705662   38311.86849557
   78674.38076599   78674.38076599    7147.70576794   18656.63578577
   14677.99267622  100000.            7147.70576794    9085.17575652
   30141.62529877    7147.70576794    4424.18555385   38311.86849557
   11547.81984689   38311.86849557   38311.86849557    9085.17575652
    7147.70576794   14677.99267622   30141.62529877   23713.73705662
   14677.99267622   61896.58188913   23713.73705662   23713.73705662
    9085.17575652   18656.63578577   48696.75251659   38311.86849557
   23713.73705662   38311.86849557    9085.17575652   18656.63578577
   18656.63578577   30141.62529877   14677.99267622   14677.99267622
    5623.4132519    38311.86849557   18656.63578577    9085.17575652
    9085.17575652   30141.62529877   23713.73705662    4424.18555385
    5623.4132519    23713.73705662   18656.63578577   38311.86849557
   38311.86849557    5623.4132519     7147.70576794    5623.4132519
   23713.73705662   14677.99267622   11547.81984689   48696.75251659
   23713.73705662   14677.99267622   11547.81984689   14677.99267622
   18656.63578577    5623.4132519     5623.4132519    18656.63578577
    7147.70576794   18656.63578577    5623.4132519    11547.81984689
    9085.17575652    9085.17575652    5623.4132519    14677.99267622
   14677.99267622   23713.73705662    9085.17575652   30141.62529877
   30141.62529877   18656.63578577    7147.70576794   38311.86849557
    5623.4132519    23713.73705662    5623.4132519    11547.81984689
   11547.81984689   30141.62529877   18656.63578577   14677.99267622
    9085.17575652    9085.17575652   23713.73705662    7147.70576794
   14677.99267622   14677.99267622   18656.63578577    7147.70576794
   11547.81984689   48696.75251659    9085.17575652  100000.
   14677.99267622   18656.63578577  100000.           14677.99267622
   38311.86849557   11547.81984689   30141.62529877   11547.81984689
   18656.63578577   18656.63578577   30141.62529877   38311.86849557
   11547.81984689   23713.73705662    7147.70576794   11547.81984689
    9085.17575652  100000.           61896.58188913   30141.62529877
   11547.81984689    5623.4132519    11547.81984689   30141.62529877]
ROIs: ['vo', 'v1', 'mt', 'ip', 'v1', 'vo', 'v1', 'vo', 'vo', 'vo', 'lo', 'v1', 'v1', 'vo', 'vo', 'v3', 'v2', 'vo', 'mt', 'vo', 'ip', 'v1', 'ip', 'v1', 'vo', 'v2', 'vo', 'ip', 'vo', 'lo', 'vo', 'vo', 'lo', 'vo', 'vo', 'mt', 'vo', 'ip', 'vo', 'v1', 'vo', 'lo', 'vo', 'vo', 'vo', 'vo', 'vo', 'vo', 'vo', 'v1', 'v3', 'vo', 'OBJ', 'vo', 'vo', 'vo', 'vo', 'vo', 'v3', 'v2', 'lo', 'mt', 'lo', 'ip', 'vo', 'v1', 'v1', 'vo', 'lo', 'v2', 'v1', 'vo', 'vo', 'v2', 'vo', 'v1', 'lo', 'v1', 'v1', 'lo', 'vo', 'vo', 'lo', 'OBJ', 'v1', 'lo', 'OBJ', 'lo', 'vo', 'v1', 'vo', 'lo', 'rsc', 'vo', 'lo', 'v3', 'OBJ', 'vo', 'mt', 'vo', 'ip', 'vo', 'ip', 'lo', 'v2', 'v1', 'v1', 'v2', 'ip', 'v3', 'vo', 'vo', 'v1', 'vo', 'mt', 'vo', 'v3', 'vo', 'lo', 'lo', 'vo', 'vo', 'v1', 'v3', 'rsc', 'lo', 'v3', 'v2', 'v4', 'v1', 'vo', 'vo', 'vo', 'vo', 'lo', 'ip', 'lo', 'v3', 'mt', 'v1', 'vo', 'vo', 'vo', 'v1', 'vo', 'vo', 'vo', 'lo', 'vo', 'vo', 'v1', 'vo', 'v1', 'vo', 'vo', 'vo', 'v3b', 'vo', 'v2', 'vo', 'vo', 'vo', 'ip', 'v1', 'ip', 'v2', 'vo', 'v1', 'rsc', 'vo', 'vo', 'vo', 'vo', 'vo', 'vo', 'v1', 'v3', 'v1', 'lo', 'v2', 'vo', 'lo', 'vo', 'v4', 'v3', 'v1', 'ip', 'ip', 'vo', 'v3', 'vo', 'rsc', 'lo', 'lo', 'lo', 'v3', 'vo', 'v1', 'lo', 'v3', 'vo', 'v1', 'vo', 'ip', 'v2', 'vo', 'lo', 'vo', 'vo', 'mt', 'lo', 'v2', 'vo', 'vo', 'vo', 'lo', 'v1', 'v2', 'v1', 'v3', 'vo', 'lo', 'vo', 'ip', 'vo', 'vo', 'v1', 'lo', 'v1', 'vo', 'vo', 'ip', 'v1', 'v1', 'v2', 'ip', 'v1', 'lo', 'vo', 'vo', 'vo', 'v1', 'lo', 'vo', 'lo', 'vo', 'vo', 'v2', 'vo', 'v3', 'vo', 'vo', 'vo', 'vo', 'v2', 'v1', 'vo', 'v3', 'v2', 'lo', 'vo', 'lo', 'vo', 'vo', 'vo', 'ip', 'lo', 'vo', 'vo', 'vo', 'vo', 'v1', 'v1', 'vo', 'vo', 'lo', 'lo', 'vo', 'v1', 'OBJ', 'vo', 'v1', 'vo', 'OBJ', 'rsc', 'v1', 'v1', 'lo', 'vo', 'v1', 'ip', 'ip', 'mt', 'OBJ', 'ip', 'lo', 'ip', 'v1', 'lo', 'vo', 'OBJ', 'v2', 'lo', 'v3a', 'lo', 'vo', 'v1', 'lo', 'ip', 'ip', 'vo', 'vo', 'vo', 'lo', 'ip', 'vo', 'v3', 'vo', 'v3', 'ip', 'ip', 'vo', 'vo', 'vo', 'vo', 'vo', 'v3', 'v1', 'lo', 'vo', 'ip', 'v3', 'vo', 'lo', 'lo', 'vo', 'lo', 'vo', 'vo', 'vo', 'vo', 'v3a', 'vo', 'lo', 'lo', 'vo', 'lo', 'vo', 'v3', 'vo', 'v3a', 'vo', 'lo', 'lo', 'v3b', 'vo', 'vo', 'vo', 'mt', 'vo', 'lo', 'v1', 'vo', 'vo', 'vo', 'ip', 'vo', 'vo', 'vo', 'ip', 'rsc', 'v1', 'vo', 'v1', 'v4', 'v1', 'vo', 'vo', 'ip', 'ip', 'lo', 'vo', 'v2', 'lo', 'vo', 'vo', 'v3a', 'vo', 'vo', 'lo', 'v4', 'vo', 'vo', 'v1', 'v1', 'vo', 'vo', 'v3', 'OBJ', 'v1', 'vo', 'lo', 'vo', 'ip', 'lo', 'vo', 'lo', 'ip', 'vo', 'vo', 'v3', 'ip', 'v1', 'vo', 'ip', 'vo', 'v3', 'v1', 'lo', 'v3b', 'vo', 'ip', 'vo', 'ip', 'vo', 'vo', 'vo', 'v1', 'v1', 'vo', 'v3', 'vo', 'vo', 'v1', 'v3', 'v3', 'vo', 'vo', 'rsc', 'v3', 'vo', 'v2', 'vo', 'vo', 'v3', 'vo', 'OBJ', 'v1', 'vo', 'lo', 'vo', 'v1', 'vo', 'ip', 'v1', 'lo', 'lo', 'v1', 'lo', 'vo', 'ip', 'lo', 'vo', 'v1', 'lo', 'ip', 'vo', 'v1', 'vo', 'v2', 'v1', 'vo', 'vo', 'vo', 'lo', 'v1', 'v3', 'v1', 'vo', 'lo', 'ip', 'OBJ', 'lo', 'vo', 'v3', 'vo', 'v1', 'vo', 'vo', 'ip', 'v1', 'lo', 'v1', 'lo', 'vo', 'ip', 'ip', 'ip', 'v3a', 'vo', 'v1', 'lo', 'vo', 'lo', 'vo', 'lo', 'v3', 'lo', 'v1', 'v2', 'v1', 'v1', 'ip', 'vo', 'vo', 'v1', 'vo', 'v1', 'ip', 'ip', 'vo', 'vo', 'vo', 'vo', 'vo', 'v1', 'v1', 'vo', 'OBJ', 'vo', 'vo', 'lo', 'vo', 'lo', 'v3', 'v1', 'OBJ', 'vo', 'v3', 'vo', 'vo', 'vo', 'vo', 'v3', 'lo', 'mt', 'v3a', 'v2', 'v3', 'OBJ', 'v3b', 'ip', 'vo', 'lo', 'vo', 'lo', 'vo', 'v1', 'vo', 'vo', 'mt', 'lo', 'vo', 'mt', 'ip', 'v3b', 'vo', 'lo', 'v2', 'vo', 'vo', 'v1', 'vo', 'vo', 'lo', 'ip', 'v3', 'vo', 'ip', 'vo', 'vo', 'v3a', 'v3', 'vo', 'v4', 'vo', 'v2', 'ip', 'v2', 'OBJ', 'vo', 'vo', 'vo', 'vo', 'mt', 'lo', 'v3', 'lo', 'mt', 'lo', 'vo', 'lo', 'ip', 'v1', 'vo', 'lo', 'v1', 'v3', 'v3', 'v3', 'vo', 'vo', 'ip', 'vo', 'lo', 'lo', 'mt', 'v1', 'vo', 'OBJ', 'lo', 'vo', 'vo', 'v3a', 'v1', 'ip', 'ip', 'v2', 'vo', 'OBJ', 'v3', 'v2', 'v1', 'vo', 'vo', 'vo', 'vo', 'ip', 'vo', 'vo', 'vo', 'v1', 'v3b', 'v1', 'v1', 'ip', 'vo', 'ip', 'lo', 'rsc', 'vo', 'vo', 'v1', 'vo', 'vo', 'ip', 'v3', 'mt', 'v1', 'vo', 'vo', 'v3', 'v1', 'mt', 'vo', 'ip', 'v3', 'ip', 'vo', 'lo', 'v1', 'mt', 'lo', 'v1', 'vo', 'v1', 'ip', 'v1', 'ip', 'lo', 'vo', 'v3a', 'lo', 'vo', 'vo', 'ip', 'ip', 'OBJ', 'vo', 'ip', 'vo', 'v2', 'lo', 'vo', 'vo', 'vo', 'vo', 'lo', 'vo', 'v1', 'v1', 'v3', 'vo', 'lo', 'v3', 'vo', 'OBJ', 'lo', 'vo', 'ip', 'v3a', 'v3', 'vo', 'vo', 'vo', 'ip', 'vo', 'v1', 'vo', 'v1', 'v3', 'vo', 'vo', 'v2', 'vo', 'ip', 'vo', 'mt', 'vo', 'v2', 'v1', 'v1', 'vo', 'v4', 'mt', 'vo', 'lo', 'lo', 'v1', 'v3a', 'lo', 'ip', 'vo', 'v1', 'mt', 'v1', 'v1', 'lo', 'v2', 'v1', 'v3', 'v1', 'ip', 'lo', 'v3', 'v1', 'vo', 'ip', 'vo', 'mt', 'vo', 'v1', 'OBJ', 'vo', 'vo', 'vo', 'lo', 'ip']

Training model roi_4sec_smooth
Final results
768 out of 768
R2: [ -0.02435479  0.02380544  0.05652288  0.07144286  0.02160107  0.18178435
  0.020711    0.05441462  0.2123467   0.11688733  0.03570377  0.07462193
  0.07877989  0.19198394  0.07485393  0.06017574  0.03982571  0.13979664
  0.01904964  0.09572791  0.08837771  0.01480609  0.03870248  0.03975846
  0.06796164  0.03279132  0.10512388  0.05454592  0.03610209  0.10065629
  0.20009916  0.05087822  0.08038056  0.13208891  0.13524494  0.02142555
  0.06354745  0.04465825  0.05544822  0.03374079  0.06386473  0.04879246
  0.10178522  0.05359469  0.02226043  0.11582348  0.0504578   0.05646315
  0.07162394  0.03368869  0.03087674  0.13293992  0.09924549  0.08117702
  0.08057134  0.18274123  0.03858499  0.02152656  0.07737278  0.12888295
  0.0184438   0.02131749  0.04903727  0.04172503  0.16205707  0.01604826
  0.02875449  0.14839629  0.01487022  0.12030984 -0.00111186  0.10624256
  0.04589141  0.02413976  0.0060617   0.00874847  0.17246059  0.02164573
  0.04078717  0.08651246  0.14205927  0.00368754  0.08388313  0.12440022
  0.00680619  0.02180778 -0.00280481  0.05790118  0.07083327  0.08807414
  0.10158529  0.02758894  0.02848472  0.06239622  0.11281507  0.0025188
  0.01842965  0.14142302  0.11598537  0.06174406  0.05147863  0.00508961
  0.02182359  0.01869961  0.09511077  0.02993426  0.06131965  0.00502248
  0.04049404  0.06358501  0.06179388  0.14642791  0.05389485  0.03126372
  0.05038755  0.1308972   0.02756552  0.09991798  0.09930586  0.02840539
  0.04179212  0.09244849  0.07529532  0.12902556 -0.00866743  0.15231911
  0.05488502  0.08288621  0.03371001  0.00397438  0.01809371  0.13247554
  0.00313312  0.08996278  0.13970226  0.0489902   0.13382998  0.07269951
  0.00101752  0.12543665  0.08416535  0.0545106   0.05563709  0.03903136
  0.04456001  0.00397689  0.00836649  0.05752818  0.10637029  0.14123449
  0.07054878  0.27209792  0.01461171  0.06028952  0.02010386  0.01208362
  0.01530481  0.06228136  0.04248219  0.21281581  0.03278303  0.09811625
  0.02632146  0.08353756  0.00294839  0.01146882  0.02746812  0.0271426
  0.01603857  0.05776473  0.1207746   0.04735671  0.29674697  0.11428217
  0.1905548   0.00692637  0.02731346  0.04520115  0.05566387  0.04260676
  0.08182699  0.04182485  0.0387691   0.01601153  0.15973119  0.00162935
  0.03163081  0.06249769  0.1359631   0.01730356  0.07139998 -0.00245722
  0.1103465   0.03739651  0.07282189  0.13367049  0.10875339  0.03715513
  0.01449741  0.09778465  0.09199631  0.0323103   0.23849908  0.01439551
  0.01306688  0.10206765  0.06807226  0.16168045  0.01663438  0.02978856
  0.03136605  0.04971083  0.15867917  0.0425501   0.02747969  0.03370253
  0.01303256  0.03105766  0.11361965  0.033801    0.11728943  0.00880522
  0.12337443  0.02591726  0.24633197  0.14198008  0.00716592  0.02125534
  0.01558558  0.05856681  0.06605065  0.05262044  0.02608789  0.02429119
  0.02115625  0.04112726  0.07770341  0.0553929   0.17395438  0.09877112
  0.06379279  0.03347725  0.06573108  0.06514823  0.04776031  0.08083622
  0.15191365  0.00645995  0.05362564  0.00435069  0.20277262  0.09098841
  0.15659092  0.17828037  0.1092511   0.0471028   0.31472149  0.13273971
  0.01412219  0.04300928  0.26152556  0.08886023  0.16964316  0.03346263
  0.13223554  0.03565844  0.03520533  0.21196858  0.12469339  0.02668824
  0.10750118  0.08833854  0.04480042  0.24840134  0.1095776   0.04759667
  0.05333163  0.14279691  0.01965614  0.02680612  0.06084582  0.0470181
  0.12945041  0.05991623  0.03587701  0.0982074   0.06919641  0.11282362
  0.07509919  0.03125979  0.04863767  0.04258313  0.07286961 -0.01035589
  0.13962396  0.05891786  0.08044639  0.06829476  0.1065857   0.07111271
   2.38739225e-02   3.72147710e-02   1.11576076e-01   4.34822482e-02
   7.50949315e-02   1.50039541e-01   6.14379794e-02   6.38472793e-02
   2.88700157e-02   3.17927532e-02   7.16817860e-02   9.38743951e-02
   1.92932987e-01   5.64843322e-02   8.08952244e-02   7.38145863e-02
   2.62345568e-02   3.16676300e-02   5.56762444e-02   8.83986278e-02
   9.67544478e-02   1.78908395e-01   6.92571617e-02   5.30584775e-02
   3.04766553e-01   1.26206698e-01   4.72150765e-02   6.65926794e-02
   1.43082606e-01   6.49563244e-02   5.76822124e-02   4.30771547e-02
   1.03705207e-01   2.49410400e-02   5.70453585e-02   2.83029781e-01
   5.12496608e-02   3.78416562e-03   8.26044281e-02   9.74606032e-02
   5.84221683e-02   2.23621678e-02   2.75725821e-01   4.45105377e-02
   1.07609813e-01   5.86371697e-02   1.12809610e-01   1.53009217e-01
   5.89296907e-02   6.19213257e-02   5.53699774e-02   1.36862527e-01
   4.45720339e-02   8.48893950e-02  -2.56773652e-02   3.45078978e-02
   5.38069158e-02   6.73629220e-05   3.04488216e-03   3.26906571e-02
   1.11489613e-01   3.75212736e-02   5.84106250e-02   7.17214769e-02
   5.58116511e-03   2.71496088e-02   3.59263055e-02   1.51953656e-01
   1.65217127e-01   4.39407069e-02  -6.31432322e-03   7.75861927e-02
   1.29009626e-01   1.00937787e-01   3.51320552e-02   3.55217526e-02
   1.14394838e-01   1.31216787e-01   5.20159447e-02   7.06995517e-02
   7.20346768e-02   9.15058072e-02   9.99860365e-02   4.17957455e-02
   6.74103827e-02   2.53768220e-02   3.61736849e-02   1.53069768e-01
   5.11018428e-02   7.62709181e-02   3.52457720e-02   1.04448909e-01
   2.18221440e-01   7.12298721e-03   1.77742179e-01   2.48722176e-01
   1.37864092e-01   1.61744173e-02   6.96914494e-02   1.80196575e-02
   1.87105517e-01   6.48755856e-02   5.35983899e-02   3.74250512e-02
   6.06082711e-02   9.57684655e-02   1.28631456e-01   5.10973218e-02
   5.30550313e-02   1.18517590e-01   7.45292755e-02   4.65046489e-02
   1.32962508e-01   8.11154802e-02  -3.60252522e-03   7.08001963e-02
   9.83215892e-02   1.89296048e-02   3.72448444e-02   5.91892019e-02
   1.34647185e-01   5.67021315e-02   1.84330590e-01   3.73806904e-02
   2.65791875e-02   8.31593488e-02   5.06964370e-02   8.24343970e-02
   9.88760616e-02   4.18327875e-02   1.29097980e-02   8.97435624e-02
   3.68968995e-02   3.28092768e-02   6.57606460e-02   9.47812168e-03
   1.75415099e-02   2.93926486e-01   1.03100282e-02   7.99082388e-02
   6.66250607e-02   3.74289801e-02   1.16292197e-01   6.36158117e-02
   7.61974472e-02   1.73312919e-01   6.93003009e-02   3.45393106e-02
   8.44620155e-02   4.07768251e-02   1.13972835e-01   4.97105465e-02
   2.31954770e-02   6.37714467e-02   5.22748353e-02   1.66391664e-02
   7.45111320e-02   1.87522607e-03   1.95406211e-02   1.16649171e-02
   3.27601783e-02   1.82550941e-01   2.09489697e-01   2.53416992e-02
   6.48258806e-02   1.32682965e-01   1.51413506e-01   2.94234658e-02
   2.03931484e-02   1.70807699e-02   1.10659970e-02   1.02378080e-01
   8.85635922e-02   1.81739742e-01   1.23766525e-01   3.40026561e-02
   2.18697840e-02   1.99835154e-02   2.07454863e-02   9.02617568e-03
   6.03747737e-02   3.14148864e-02   3.52329716e-02   4.69580200e-02
   6.15302599e-02   1.36225902e-01   3.48108532e-02   8.95980115e-02
   2.76788553e-02   8.35523847e-03   4.32404959e-02   6.74171399e-02
   1.36327541e-02   9.28214663e-02   9.39460645e-02   3.09426029e-02
   8.77598892e-02   3.68483628e-02   3.83737428e-02   3.18531965e-02
   1.22315503e-02   4.95291894e-02   2.65674332e-02   1.50794921e-02
   3.41811653e-02   5.07334409e-02   7.12123133e-02   7.09501348e-02
   2.68503272e-02   1.88663544e-02   5.21101973e-02   4.27521195e-02
   4.16619486e-02   1.03075291e-01   7.93670553e-02   4.32623582e-02
   2.99332120e-02   7.82339654e-02   8.19586346e-02   8.32149997e-02
   2.56787139e-01   1.16277896e-01   1.30144323e-01   1.36492930e-01
   1.57798870e-01   1.09920978e-02   1.39086079e-02   1.30035586e-01
   3.93513025e-02   6.90440039e-02   1.60797614e-01   3.27420657e-02
   8.70513926e-02   6.91062427e-02   1.05101871e-02   2.80442085e-02
   2.14992195e-03   6.45304362e-02   5.22737203e-02   1.62354908e-01
   2.64931327e-02   1.89988387e-02   4.22460357e-02   2.86114400e-02
   8.27124775e-02   1.00129147e-02   5.13955001e-03   1.64218788e-02
   6.26021706e-02   6.37808203e-02   2.87823071e-04   1.07455629e-01
   1.27597269e-01   1.19679716e-01   6.24224699e-02   7.74129108e-02
   4.69884354e-02   3.43313537e-02   9.84948261e-02   1.33656556e-01
   1.27434758e-02   4.35088808e-02   1.86807583e-01   1.07141789e-02
   9.66230918e-02   8.52694147e-03   1.52114549e-01   8.95792044e-03
   3.67950402e-03   1.33086403e-01   8.74529537e-02   8.49382206e-02
   9.65056484e-02   4.47327030e-02   4.45196354e-02   8.22666139e-02
   4.98049039e-02   1.08834913e-01   5.15496820e-02   4.58657795e-02
   6.82438152e-02   1.02089695e-02   6.09682364e-02   3.83553739e-02
   1.91511808e-02   1.07369593e-01   3.26524057e-02   3.63433268e-02
   1.43767835e-02   2.18577135e-02   3.05803851e-02   3.49114247e-02
   9.55433942e-02   4.96031287e-02   2.76134479e-02   1.46360569e-01
   2.66372072e-02   6.01163622e-02   2.96267595e-02   3.48276406e-02
  0.17531141  0.00531848  0.04619896  0.04863446  0.09295556  0.00942106
  0.0591208   0.07453645  0.01385147  0.0638403   0.24805156  0.25325314
  0.09536576  0.06502329  0.03043809  0.07676417  0.03176735  0.00372254
  0.15930419  0.02342611  0.04075995  0.07681861  0.09081742  0.04024611
  0.06166534  0.06456206  0.00551745  0.1584784   0.13967732  0.04074365
  0.04476645  0.05765183  0.09484608  0.08246577  0.10403609  0.11066821
  0.07956179  0.0665907   0.14302872  0.14994598  0.05850603  0.04554301
  0.02185286  0.03547878 -0.00258293  0.00526247  0.11596459  0.09797926
  0.0591175  -0.03078736  0.04924841  0.05843568  0.05452556  0.12119337
  0.24861268  0.02727146  0.10117285  0.00602268  0.03356531  0.09396836
  0.08275875  0.10076787  0.02654238  0.0297013   0.08819626  0.00633033
  0.04063543  0.0921799   0.03830776  0.03279652  0.03430264  0.01132423
  0.02966594  0.01909741  0.05723682  0.04438004  0.10702782  0.04242349
  0.1408623   0.03578427  0.22314372 -0.00041131  0.05544418  0.08132827
  0.08850108  0.05200565  0.06113424  0.05868307  0.14481987  0.04881171
  0.03292069  0.03603089  0.01305368  0.13557357  0.06676681  0.27083592
  0.00820229  0.08277753  0.03245814  0.01149418  0.05205667  0.05346702
  0.03004717  0.06084449  0.03096354  0.15505248  0.04474503  0.09511468
  0.08056166  0.11471218  0.03620539  0.12955107  0.04760261  0.0883967
  0.13320809  0.12763259  0.02444328  0.02837692  0.0987429   0.01781698
  0.02326074  0.01481931  0.16570952  0.04650509  0.14611729  0.03363706
  0.13746114  0.06990136  0.05602716  0.06027815  0.06998993  0.05941842
  0.09641655  0.05897896  0.00285569  0.13443614  0.03452672  0.0837481
  0.04806745  0.04529595  0.04349812  0.02178546  0.09810813 -0.00092655
  0.05100197  0.05589045 -0.00102423  0.07928457  0.00895901  0.14171667
  0.03840244  0.07722028  0.0675391   0.03768738  0.01035731  0.0319663
  0.0389338   0.11030953  0.13029377  0.05057995  0.08091407  0.00300127
 -0.01028938  0.00038677  0.09785123  0.24901695  0.05954708  0.0476341 ]
Average R2: 0.06975001
Alphas: [ 100000.            9085.17575652    5623.4132519     7147.70576794
    3480.70058843    1333.52143216   23713.73705662    5623.4132519
    2738.41963426    2738.41963426    4424.18555385    5623.4132519
    2154.43469003    2738.41963426    5623.4132519     4424.18555385
    4424.18555385    2154.43469003    5623.4132519     2738.41963426
    2154.43469003    4424.18555385    4424.18555385    4424.18555385
    2738.41963426    3480.70058843    2738.41963426    9085.17575652
    3480.70058843    4424.18555385    3480.70058843    4424.18555385
    5623.4132519     3480.70058843    2738.41963426   18656.63578577
    3480.70058843    1694.98815139    2738.41963426    9085.17575652
    3480.70058843    3480.70058843    3480.70058843    3480.70058843
    5623.4132519     3480.70058843    3480.70058843    3480.70058843
    4424.18555385    4424.18555385    5623.4132519     2154.43469003
    2738.41963426    5623.4132519     4424.18555385    2154.43469003
    5623.4132519     9085.17575652    3480.70058843    1694.98815139
    9085.17575652    5623.4132519    11547.81984689    2738.41963426
    2154.43469003   18656.63578577   30141.62529877    2154.43469003
    7147.70576794    2738.41963426    5623.4132519     4424.18555385
    4424.18555385    3480.70058843   11547.81984689   18656.63578577
    2738.41963426   14677.99267622    9085.17575652    4424.18555385
    3480.70058843   18656.63578577    3480.70058843    1694.98815139
   38311.86849557   23713.73705662   14677.99267622    7147.70576794
    7147.70576794   14677.99267622    4424.18555385    5623.4132519
    2154.43469003    3480.70058843    3480.70058843  100000.
    7147.70576794    2154.43469003    4424.18555385    2738.41963426
   11547.81984689   38311.86849557   14677.99267622    9085.17575652
    5623.4132519     7147.70576794    4424.18555385    9085.17575652
   11547.81984689    4424.18555385    4424.18555385    2738.41963426
    4424.18555385    5623.4132519     4424.18555385    2738.41963426
    4424.18555385    2738.41963426    5623.4132519     5623.4132519
    4424.18555385    4424.18555385   14677.99267622    4424.18555385
   14677.99267622    7147.70576794    7147.70576794    5623.4132519
    4424.18555385    7147.70576794   11547.81984689    2154.43469003
   18656.63578577    3480.70058843    4424.18555385    7147.70576794
    5623.4132519     2738.41963426   61896.58188913    9085.17575652
    4424.18555385    3480.70058843    2738.41963426    7147.70576794
    5623.4132519    11547.81984689   11547.81984689    7147.70576794
    4424.18555385    2154.43469003    5623.4132519     1694.98815139
   30141.62529877    5623.4132519     7147.70576794   11547.81984689
   11547.81984689    4424.18555385    3480.70058843    2738.41963426
    9085.17575652    4424.18555385    4424.18555385    7147.70576794
   30141.62529877   23713.73705662    9085.17575652    3480.70058843
    1694.98815139    4424.18555385    3480.70058843    5623.4132519
    2154.43469003    3480.70058843    2154.43469003   30141.62529877
    5623.4132519    14677.99267622    3480.70058843   11547.81984689
    3480.70058843    3480.70058843    3480.70058843    5623.4132519
    3480.70058843   14677.99267622   11547.81984689    3480.70058843
    2738.41963426   14677.99267622    4424.18555385  100000.
    4424.18555385    3480.70058843    4424.18555385    2738.41963426
    2154.43469003   11547.81984689    2738.41963426    4424.18555385
    2738.41963426    4424.18555385    1694.98815139   14677.99267622
    7147.70576794    4424.18555385    4424.18555385    2738.41963426
    7147.70576794    9085.17575652    9085.17575652    9085.17575652
    2154.43469003    3480.70058843    7147.70576794    9085.17575652
   11547.81984689    7147.70576794    2738.41963426    4424.18555385
    2738.41963426    4424.18555385    3480.70058843    2738.41963426
    2738.41963426    3480.70058843    3480.70058843   11547.81984689
   23713.73705662    5623.4132519     2738.41963426    9085.17575652
    9085.17575652    9085.17575652   14677.99267622    2738.41963426
    5623.4132519     4424.18555385    2154.43469003    3480.70058843
    2738.41963426    4424.18555385    4424.18555385    2154.43469003
    7147.70576794    5623.4132519     1694.98815139   18656.63578577
    3480.70058843  100000.            2738.41963426    3480.70058843
    2738.41963426    2738.41963426    7147.70576794   11547.81984689
    1694.98815139    3480.70058843    5623.4132519     7147.70576794
    1694.98815139    5623.4132519     2154.43469003    9085.17575652
    5623.4132519     3480.70058843    5623.4132519     2738.41963426
    3480.70058843    4424.18555385    2738.41963426    3480.70058843
    9085.17575652    3480.70058843    2738.41963426    5623.4132519
    4424.18555385    2154.43469003   18656.63578577    1694.98815139
    5623.4132519    38311.86849557    3480.70058843    1694.98815139
    7147.70576794    9085.17575652    2738.41963426    4424.18555385
    1694.98815139    2738.41963426    9085.17575652   11547.81984689
    2738.41963426   11547.81984689    2738.41963426    7147.70576794
    1333.52143216    4424.18555385    4424.18555385    3480.70058843
    2738.41963426   11547.81984689    5623.4132519     5623.4132519
    2738.41963426    3480.70058843    3480.70058843    4424.18555385
    3480.70058843    7147.70576794    3480.70058843    3480.70058843
    2154.43469003    3480.70058843   11547.81984689    4424.18555385
    7147.70576794    4424.18555385    4424.18555385    2738.41963426
    5623.4132519     3480.70058843    4424.18555385    5623.4132519
    2154.43469003    2154.43469003    4424.18555385    2738.41963426
    7147.70576794    3480.70058843    9085.17575652    5623.4132519
    2154.43469003    3480.70058843    5623.4132519     1694.98815139
    3480.70058843   14677.99267622    4424.18555385    3480.70058843
    3480.70058843    5623.4132519     2154.43469003    3480.70058843
    5623.4132519     2738.41963426    4424.18555385    3480.70058843
    5623.4132519     2738.41963426    5623.4132519     2154.43469003
    3480.70058843    1694.98815139  100000.            4424.18555385
    3480.70058843   38311.86849557   14677.99267622    3480.70058843
    5623.4132519    11547.81984689    4424.18555385    3480.70058843
    9085.17575652   18656.63578577    3480.70058843    2738.41963426
    2154.43469003    5623.4132519    61896.58188913    2738.41963426
    1694.98815139    5623.4132519     5623.4132519    18656.63578577
    4424.18555385    2154.43469003    7147.70576794    9085.17575652
    9085.17575652    3480.70058843    2154.43469003    5623.4132519
    3480.70058843    7147.70576794    3480.70058843    3480.70058843
    4424.18555385    5623.4132519     5623.4132519     3480.70058843
    2738.41963426    9085.17575652    2154.43469003    2154.43469003
    3480.70058843    4424.18555385    2738.41963426    4424.18555385
    2154.43469003    7147.70576794    5623.4132519     3480.70058843
    5623.4132519     2154.43469003    5623.4132519    11547.81984689
    4424.18555385    4424.18555385    4424.18555385    3480.70058843
    1333.52143216    3480.70058843   11547.81984689    3480.70058843
    3480.70058843    4424.18555385    5623.4132519     2154.43469003
    2154.43469003    1694.98815139    2738.41963426    4424.18555385
    5623.4132519     2738.41963426    3480.70058843    7147.70576794
    3480.70058843    3480.70058843    5623.4132519     2738.41963426
    3480.70058843    3480.70058843    5623.4132519    11547.81984689
    9085.17575652    1694.98815139   14677.99267622    4424.18555385
    4424.18555385    2738.41963426    2738.41963426    2738.41963426
    2154.43469003    1694.98815139    3480.70058843    7147.70576794
    3480.70058843   11547.81984689    3480.70058843   18656.63578577
    5623.4132519    11547.81984689    9085.17575652   14677.99267622
    9085.17575652    1694.98815139    5623.4132519     9085.17575652
    5623.4132519     4424.18555385    2154.43469003   30141.62529877
    3480.70058843    7147.70576794    2738.41963426    5623.4132519
    4424.18555385   30141.62529877   61896.58188913    2738.41963426
    2738.41963426    2738.41963426    4424.18555385    5623.4132519
   18656.63578577   30141.62529877    9085.17575652    5623.4132519
   11547.81984689   14677.99267622    5623.4132519     4424.18555385
    5623.4132519     3480.70058843    5623.4132519     2154.43469003
    2738.41963426   30141.62529877    7147.70576794   11547.81984689
    5623.4132519     5623.4132519     3480.70058843   11547.81984689
    7147.70576794   18656.63578577    3480.70058843    3480.70058843
   30141.62529877    7147.70576794    5623.4132519     9085.17575652
    2154.43469003    2738.41963426    5623.4132519     1694.98815139
   30141.62529877    7147.70576794    9085.17575652    9085.17575652
    2738.41963426    2154.43469003    3480.70058843   61896.58188913
    9085.17575652    7147.70576794    5623.4132519     5623.4132519
    2154.43469003    2154.43469003    3480.70058843    3480.70058843
    2738.41963426   30141.62529877   14677.99267622    1694.98815139
    2738.41963426    2738.41963426    3480.70058843    7147.70576794
    3480.70058843    5623.4132519    38311.86849557    2154.43469003
   30141.62529877    2738.41963426    9085.17575652    3480.70058843
    5623.4132519     5623.4132519     2738.41963426    7147.70576794
    4424.18555385   14677.99267622   14677.99267622    7147.70576794
    5623.4132519     1694.98815139   18656.63578577    4424.18555385
    3480.70058843    2738.41963426    4424.18555385    3480.70058843
    3480.70058843    7147.70576794    2738.41963426    2738.41963426
    9085.17575652    9085.17575652    2738.41963426   11547.81984689
    7147.70576794    4424.18555385    1694.98815139   18656.63578577
    5623.4132519     2738.41963426    2738.41963426    9085.17575652
    4424.18555385    2154.43469003    7147.70576794    2738.41963426
    7147.70576794    3480.70058843    2738.41963426    4424.18555385
    7147.70576794    4424.18555385    5623.4132519     4424.18555385
    4424.18555385    3480.70058843    9085.17575652    4424.18555385
    7147.70576794    5623.4132519     9085.17575652    2738.41963426
    4424.18555385    5623.4132519     7147.70576794    5623.4132519
    5623.4132519     7147.70576794    4424.18555385   18656.63578577
    2738.41963426   23713.73705662    7147.70576794   14677.99267622
    3480.70058843    9085.17575652    4424.18555385    4424.18555385
    7147.70576794    3480.70058843    2738.41963426    1694.98815139
    7147.70576794    2738.41963426    7147.70576794    9085.17575652
    7147.70576794   78674.38076599    2738.41963426    3480.70058843
    7147.70576794    2154.43469003    2738.41963426    3480.70058843
    2738.41963426    9085.17575652    7147.70576794    2154.43469003
    2738.41963426    5623.4132519     3480.70058843    7147.70576794
    9085.17575652    2738.41963426    3480.70058843    4424.18555385
    2154.43469003    9085.17575652    3480.70058843    4424.18555385
    5623.4132519     9085.17575652    7147.70576794   23713.73705662
   61896.58188913   38311.86849557    3480.70058843    9085.17575652
    7147.70576794  100000.            3480.70058843    3480.70058843
   14677.99267622    2738.41963426    1694.98815139    4424.18555385
    4424.18555385   30141.62529877    4424.18555385    4424.18555385
    2738.41963426    9085.17575652   18656.63578577    7147.70576794
    7147.70576794   14677.99267622   11547.81984689    9085.17575652
    2738.41963426    5623.4132519    30141.62529877    9085.17575652
   11547.81984689    3480.70058843    3480.70058843    5623.4132519
    7147.70576794    4424.18555385    2154.43469003    4424.18555385
    2154.43469003   30141.62529877    9085.17575652    4424.18555385
    4424.18555385    5623.4132519     3480.70058843    1694.98815139
    2154.43469003    3480.70058843   11547.81984689   23713.73705662
   14677.99267622    2738.41963426    2738.41963426    2738.41963426
    4424.18555385    5623.4132519     4424.18555385   30141.62529877
    7147.70576794    5623.4132519     7147.70576794    5623.4132519
    4424.18555385    1694.98815139    2154.43469003    9085.17575652
    2738.41963426    2738.41963426    2738.41963426    5623.4132519
    5623.4132519     3480.70058843    2738.41963426    2154.43469003
    4424.18555385    9085.17575652    2738.41963426   14677.99267622
   11547.81984689    4424.18555385    3480.70058843    3480.70058843
    2738.41963426   11547.81984689    2738.41963426    1694.98815139
    7147.70576794    2738.41963426    2154.43469003    3480.70058843
    4424.18555385    2738.41963426    9085.17575652    3480.70058843
    5623.4132519     7147.70576794    7147.70576794    4424.18555385
    3480.70058843    7147.70576794    4424.18555385  100000.
    5623.4132519     3480.70058843   18656.63578577    2154.43469003
   18656.63578577    2738.41963426    5623.4132519     4424.18555385
    3480.70058843    5623.4132519     9085.17575652    7147.70576794
    3480.70058843    2738.41963426    2738.41963426    4424.18555385
    4424.18555385  100000.           38311.86849557  100000.
    5623.4132519     2154.43469003    2738.41963426    2738.41963426]
ROIs: ['vo', 'ip', 'v3', 'ip', 'vo', 'vo', 'v1', 'v3', 'vo', 'vo', 'lo', 'v1', 'vo', 'vo', 'vo', 'v3', 'v4', 'vo', 'vo', 'vo', 'mt', 'v3b', 'v4', 'lo', 'vo', 'vo', 'vo', 'ip', 'vo', 'lo', 'vo', 'vo', 'lo', 'vo', 'vo', 'OBJ', 'vo', 'v3a', 'vo', 'v1', 'vo', 'lo', 'vo', 'vo', 'vo', 'vo', 'vo', 'vo', 'vo', 'lo', 'v3', 'vo', 'OBJ', 'vo', 'vo', 'vo', 'vo', 'vo', 'v3', 'vo', 'lo', 'mt', 'lo', 'vo', 'vo', 'v1', 'v1', 'vo', 'vo', 'vo', 'v3b', 'vo', 'vo', 'v3a', 'vo', 'v1', 'lo', 'v1', 'v3', 'lo', 'vo', 'vo', 'lo', 'OBJ', 'v2', 'lo', 'v3a', 'lo', 'vo', 'v1', 'vo', 'lo', 'rsc', 'vo', 'lo', 'v3', 'v1', 'vo', 'mt', 'vo', 'ip', 'vo', 'ip', 'lo', 'v2', 'vo', 'lo', 'v3', 'ip', 'v3', 'vo', 'vo', 'v3', 'mt', 'mt', 'vo', 'v3', 'vo', 'lo', 'lo', 'v3', 'vo', 'v2', 'v3', 'OBJ', 'lo', 'v3', 'v2', 'v4', 'lo', 'vo', 'vo', 'vo', 'vo', 'lo', 'ip', 'lo', 'v4', 'mt', 'v1', 'vo', 'vo', 'vo', 'v3', 'vo', 'vo', 'vo', 'lo', 'vo', 'vo', 'v1', 'vo', 'v1', 'v4', 'vo', 'vo', 'ip', 'vo', 'vo', 'vo', 'ip', 'vo', 'vo', 'v1', 'ip', 'v2', 'vo', 'vo', 'rsc', 'vo', 'vo', 'vo', 'v3', 'vo', 'vo', 'v1', 'lo', 'v1', 'lo', 'v2', 'vo', 'v4', 'vo', 'v4', 'v3', 'lo', 'ip', 'vo', 'vo', 'v3', 'vo', 'OBJ', 'lo', 'vo', 'lo', 'v3', 'vo', 'v1', 'v3b', 'v3', 'vo', 'vo', 'vo', 'ip', 'vo', 'vo', 'lo', 'vo', 'vo', 'ip', 'lo', 'v2', 'vo', 'vo', 'vo', 'lo', 'ip', 'lo', 'vo', 'vo', 'vo', 'mt', 'vo', 'vo', 'vo', 'vo', 'v3b', 'lo', 'v1', 'vo', 'vo', 'ip', 'v3', 'v1', 'v2', 'OBJ', 'v3', 'v3', 'vo', 'vo', 'vo', 'v3', 'vo', 'vo', 'lo', 'vo', 'vo', 'v2', 'vo', 'v2', 'vo', 'vo', 'lo', 'vo', 'v2', 'ip', 'vo', 'v3', 'v3b', 'lo', 'vo', 'lo', 'vo', 'lo', 'vo', 'vo', 'mt', 'vo', 'vo', 'vo', 'vo', 'lo', 'v1', 'vo', 'vo', 'lo', 'lo', 'vo', 'v1', 'rsc', 'vo', 'v1', 'vo', 'OBJ', 'lo', 'ip', 'vo', 'lo', 'vo', 'vo', 'ip', 'ip', 'OBJ', 'OBJ', 'lo', 'lo', 'OBJ', 'v3', 'lo', 'vo', 'OBJ', 'v2', 'lo', 'mt', 'lo', 'vo', 'vo', 'lo', 'mt', 'ip', 'mt', 'vo', 'vo', 'v3', 'ip', 'vo', 'vo', 'vo', 'v3', 'vo', 'ip', 'vo', 'vo', 'vo', 'vo', 'vo', 'v3', 'vo', 'lo', 'vo', 'ip', 'v3', 'vo', 'vo', 'lo', 'vo', 'v3', 'vo', 'vo', 'vo', 'vo', 'v3a', 'vo', 'vo', 'lo', 'vo', 'lo', 'vo', 'v3', 'v4', 'v3', 'vo', 'lo', 'vo', 'v3b', 'vo', 'vo', 'vo', 'mt', 'vo', 'lo', 'v1', 'vo', 'vo', 'vo', 'ip', 'mt', 'vo', 'vo', 'lo', 'rsc', 'v4', 'vo', 'v2', 'v4', 'v1', 'vo', 'lo', 'ip', 'ip', 'lo', 'vo', 'vo', 'vo', 'vo', 'vo', 'v3a', 'vo', 'vo', 'lo', 'v4', 'vo', 'vo', 'vo', 'vo', 'vo', 'vo', 'v3', 'OBJ', 'v3b', 'vo', 'lo', 'vo', 'vo', 'lo', 'vo', 'lo', 'ip', 'vo', 'lo', 'vo', 'vo', 'vo', 'vo', 'OBJ', 'vo', 'v3', 'vo', 'lo', 'v3a', 'vo', 'OBJ', 'vo', 'lo', 'vo', 'vo', 'vo', 'v2', 'v3', 'vo', 'vo', 'vo', 'vo', 'v4', 'v3', 'v3', 'vo', 'vo', 'ip', 'v3', 'vo', 'OBJ', 'vo', 'vo', 'vo', 'vo', 'vo', 'v3', 'vo', 'lo', 'vo', 'v1', 'vo', 'ip', 'v1', 'lo', 'lo', 'rsc', 'lo', 'lo', 'lo', 'lo', 'vo', 'v1', 'v3', 'ip', 'vo', 'lo', 'vo', 'v2', 'v1', 'mt', 'vo', 'vo', 'vo', 'v3', 'v3', 'v1', 'vo', 'vo', 'ip', 'OBJ', 'lo', 'vo', 'v3', 'vo', 'v3', 'vo', 'OBJ', 'ip', 'v2', 'lo', 'vo', 'lo', 'vo', 'ip', 'ip', 'ip', 'v3a', 'vo', 'v1', 'lo', 'vo', 'lo', 'OBJ', 'vo', 'v3', 'v3a', 'v1', 'lo', 'v1', 'v1', 'v3b', 'vo', 'vo', 'v1', 'vo', 'v1', 'ip', 'vo', 'vo', 'vo', 'v3', 'vo', 'vo', 'v1', 'v1', 'vo', 'OBJ', 'vo', 'vo', 'lo', 'vo', 'lo', 'ip', 'OBJ', 'OBJ', 'vo', 'lo', 'vo', 'vo', 'v3', 'vo', 'v3', 'lo', 'mt', 'vo', 'v4', 'v3', 'OBJ', 'v3b', 'mt', 'vo', 'vo', 'vo', 'lo', 'vo', 'vo', 'vo', 'vo', 'mt', 'lo', 'vo', 'mt', 'ip', 'v3b', 'vo', 'lo', 'mt', 'vo', 'vo', 'v1', 'vo', 'OBJ', 'lo', 'vo', 'v3', 'vo', 'vo', 'vo', 'vo', 'OBJ', 'v3', 'vo', 'vo', 'vo', 'v1', 'vo', 'v4', 'OBJ', 'vo', 'vo', 'vo', 'vo', 'mt', 'ip', 'vo', 'lo', 'mt', 'lo', 'vo', 'lo', 'ip', 'v1', 'vo', 'lo', 'lo', 'v3', 'v3', 'lo', 'vo', 'vo', 'ip', 'vo', 'mt', 'lo', 'mt', 'v1', 'vo', 'vo', 'lo', 'vo', 'mt', 'vo', 'vo', 'ip', 'v1', 'vo', 'vo', 'vo', 'vo', 'v2', 'v1', 'vo', 'vo', 'vo', 'vo', 'ip', 'vo', 'vo', 'mt', 'v1', 'mt', 'v1', 'v1', 'ip', 'vo', 'ip', 'lo', 'rsc', 'vo', 'vo', 'v1', 'vo', 'vo', 'vo', 'v3', 'lo', 'vo', 'vo', 'vo', 'v3', 'v1', 'mt', 'vo', 'mt', 'v3', 'ip', 'vo', 'lo', 'v1', 'mt', 'lo', 'vo', 'vo', 'vo', 'ip', 'lo', 'vo', 'lo', 'vo', 'v3a', 'lo', 'vo', 'vo', 'v4', 'vo', 'OBJ', 'vo', 'vo', 'lo', 'v2', 'lo', 'vo', 'vo', 'vo', 'OBJ', 'lo', 'vo', 'v1', 'v3', 'v3', 'v3', 'lo', 'v3', 'vo', 'OBJ', 'lo', 'vo', 'lo', 'v3a', 'v3', 'v3', 'vo', 'vo', 'vo', 'vo', 'v1', 'vo', 'v2', 'v3', 'vo', 'vo', 'vo', 'vo', 'ip', 'vo', 'OBJ', 'vo', 'vo', 'vo', 'vo', 'vo', 'v4', 'OBJ', 'vo', 'lo', 'lo', 'v1', 'v3b', 'lo', 'v3', 'vo', 'v1', 'mt', 'lo', 'vo', 'vo', 'v2', 'v3', 'lo', 'v1', 'vo', 'lo', 'v3', 'vo', 'vo', 'lo', 'vo', 'mt', 'vo', 'v1', 'OBJ', 'v1', 'vo', 'vo', 'vo', 'vo']

Training model roi_deconv
Final results
768 out of 768
R2: [ -2.34486356e-02   1.51020360e-02   3.94440211e-02   3.38103947e-02
   7.94242970e-03   9.96646864e-02   2.50246631e-02   3.32907674e-02
   1.50343463e-01   8.13106755e-02   1.36616842e-02   5.86960690e-02
   5.39463833e-02   1.28977288e-01   5.26677276e-02   2.33293556e-02
   2.63661787e-02   1.06426016e-01   1.05882918e-02   3.39169921e-02
   4.47821262e-02   5.97075626e-03   2.03164853e-02   2.23647048e-02
   2.22533661e-02   1.31097769e-02   5.13787385e-02   3.08067387e-02
   1.29223761e-02   8.70544717e-02   1.66411624e-01   2.96591230e-02
   5.97684640e-02   8.64516413e-02   7.30050650e-02   1.93424995e-02
   3.86922671e-02   1.19408702e-02   2.98974694e-02   2.85712908e-02
   3.29127294e-02   2.98418290e-02   5.72823731e-02   3.21727141e-02
   7.06046543e-03   6.98416736e-02   2.33060492e-02   3.07344764e-02
   4.90524792e-02   2.28650684e-02   1.07083128e-02   4.80151747e-02
   7.49457093e-02   5.01177799e-02   5.13252511e-02   1.12687297e-01
   2.02524920e-02   1.94557912e-02   5.15609355e-02   6.43617206e-02
   9.44564450e-03   7.65273442e-03   3.69528050e-02   2.03036793e-02
   1.09599945e-01   2.61157602e-02   3.16620634e-02   7.89799789e-02
   1.82400454e-02   8.33956922e-02  -9.71712301e-04   7.42166617e-02
   2.17341438e-02   1.68002217e-02   3.77902546e-03   2.27325675e-03
   1.37537482e-01   1.64285921e-02   4.14458196e-02   7.12725436e-02
   1.07923211e-01   1.07815259e-03   4.50193798e-02   8.90019010e-02
   6.70358550e-03   1.94785337e-02  -2.08261716e-03   4.25075853e-02
   4.36555638e-02   8.54817680e-02   7.10358310e-02   8.70925204e-03
   1.32173175e-02   4.00016271e-02   7.73032975e-02  -5.46113578e-04
   8.31015431e-03   6.89342316e-02   9.92110864e-02   2.91858306e-02
   3.21566340e-02   7.64537039e-03   1.89987580e-03   8.57262390e-03
   7.09259748e-02   2.59407539e-02   4.51691450e-02   2.12864882e-03
   2.36447850e-02   3.62558792e-02   4.27333779e-02   8.57737497e-02
   3.88511839e-02   1.69064798e-02   2.54571878e-02   7.25105036e-02
   1.32664460e-02   5.24385594e-02   6.68159647e-02   1.47135341e-02
   1.48842872e-02   6.73188901e-02   6.76349512e-02   8.45637429e-02
  -6.88595529e-03   1.25453553e-01   3.77721441e-02   5.98924769e-02
   1.91588831e-02   3.33541264e-03   4.55028625e-03   7.24566095e-02
   1.91081825e-03   5.75875416e-02   9.89613516e-02   2.75791676e-02
   9.48972677e-02   4.18381437e-02   1.44261657e-03   1.17087626e-01
   6.86176331e-02   3.87412608e-02   1.77187378e-02   2.29767564e-02
   2.67098302e-02  -1.49581770e-03   4.61420646e-03   3.58838781e-02
   7.32974715e-02   7.58825555e-02   4.72544593e-02   1.72847905e-01
   1.25615344e-02   4.94387990e-02   9.03866313e-03   8.77302690e-03
   3.88047611e-03   3.77161828e-02   3.05152870e-02   1.33706741e-01
   2.28613475e-02   5.47938606e-02   1.25238157e-02   7.86169336e-02
   2.38814078e-03   6.99010246e-03   1.32355909e-02   1.37178997e-02
   6.85172279e-03   4.63758615e-02   8.79761981e-02   2.84734149e-02
   1.90726203e-01   7.51851604e-02   1.12155250e-01   2.55872703e-03
   1.37804972e-02   6.24026372e-02   1.93721254e-02   2.97734244e-02
   3.59185671e-02   3.18996566e-02   1.33895289e-02  -2.44219538e-03
   1.23816781e-01   2.63676683e-03   1.25044647e-02   2.63790656e-02
   7.81374801e-02   3.18335359e-03   3.69874623e-02  -2.33104483e-03
   7.73200455e-02   2.15418285e-02   3.85922825e-02   6.70422397e-02
   4.61078146e-02   3.48682769e-02   7.08530074e-03   5.61034627e-02
   4.36602306e-02   1.45362723e-02   1.62869282e-01   4.77458628e-03
   1.16647180e-02   7.82330587e-02   5.03991009e-02   8.82502001e-02
   7.04292237e-03   1.31511862e-02   2.15015989e-02   4.07926971e-02
   8.96019163e-02   2.58740538e-02   1.78244566e-02   2.14201096e-02
   1.73756780e-02   1.82157916e-02   9.91870612e-02   2.43593832e-02
   7.48455590e-02   8.09658715e-03   9.28230289e-02   1.18537895e-02
   1.78681822e-01   8.30677142e-02   3.18637367e-03   2.20959730e-02
   7.34076988e-03   4.22585540e-02   3.31110704e-02   2.25178781e-02
   1.84874842e-02   1.25844931e-02   9.59297989e-03   2.67958342e-02
   6.44139125e-02   2.43497805e-02   9.50896788e-02   6.03609257e-02
   2.71352379e-02   2.35036784e-02   5.51683153e-02   2.80749788e-02
   3.64293392e-02   6.14711118e-02   7.64808653e-02   1.12344490e-03
   1.66211817e-02   4.53204191e-03   1.36980069e-01   5.06855853e-02
   1.06123802e-01   1.22502717e-01   7.84807385e-02   4.31307592e-02
   2.13785018e-01   8.20299134e-02   6.63987299e-03   3.04508769e-02
   1.84958916e-01   5.20875767e-02   9.63920177e-02   1.78721631e-02
   1.01756769e-01   1.36621116e-02   2.74561604e-02   1.44878764e-01
   8.86650791e-02   1.04339610e-02   5.70326224e-02   8.03101997e-02
   2.91418609e-02   1.94904620e-01   5.13579776e-02   3.01330383e-02
   3.28621813e-02   9.97634837e-02   1.43448274e-02   1.70521888e-02
   4.14871634e-02   4.70783045e-02   9.33415265e-02   2.32507830e-02
   1.95560141e-02   7.99454215e-02   5.08120402e-02   8.08580611e-02
   3.62375124e-02   1.43513739e-02   2.97015471e-02   2.75685341e-02
   5.74325843e-02  -9.25380340e-03   6.86699260e-02   4.05911113e-02
   4.84409402e-02   4.97923080e-02   7.59255820e-02   4.50863090e-02
   5.03903971e-03   2.59963752e-02   8.55528038e-02   2.61706984e-02
   4.51785408e-02   1.05905049e-01   5.45190309e-02   3.34844425e-02
   1.47522558e-02   1.42600151e-02   6.12144128e-02   5.89039395e-02
   1.34953586e-01   3.11985317e-02   5.74486071e-02   5.84181643e-02
   1.36007257e-02   1.07961253e-02   3.27394595e-02   4.04733374e-02
   5.04221896e-02   1.30926728e-01   4.14195908e-02   3.39596892e-02
   2.20691526e-01   6.23486119e-02   2.30117598e-02   4.50100992e-02
   1.11228509e-01   2.70612105e-02   2.40106627e-02   2.72910513e-02
   5.50068830e-02   1.38393436e-02   3.36540908e-02   1.99505581e-01
   2.72077276e-02   1.29971245e-04   5.00047635e-02   6.56187281e-02
   2.33587845e-02   1.12301474e-02   1.77262049e-01   2.11562561e-02
   8.68806998e-02   2.28666631e-02   7.08163340e-02   1.00549224e-01
   4.78695079e-02   3.36396393e-02   2.84962057e-02   8.18212518e-02
   1.57999979e-02   4.19572752e-02  -2.65320254e-02   1.30213979e-02
   2.82717981e-02   4.72965646e-05   1.68385315e-03   1.13120090e-02
   7.21916947e-02   3.61099470e-02   4.14533984e-02   3.90304485e-02
   2.64847130e-03   1.24560719e-02   1.94076593e-02   9.59994974e-02
   1.04693080e-01   1.92362585e-02  -5.72311474e-03   6.17102620e-02
   6.36076344e-02   7.65609361e-02   2.32300191e-02   3.34984364e-02
   8.99539130e-02   5.56814066e-02   1.70130857e-02   4.76475661e-02
   5.24925940e-02   5.05355350e-02   7.25067900e-02   3.18435996e-02
   3.87216454e-02   1.55553385e-02   2.26351293e-02   1.18615379e-01
   3.57432405e-02   5.34088187e-02   2.18942986e-02   7.07960484e-02
   1.31134844e-01   7.38113411e-03   1.25610084e-01   1.71412113e-01
   9.30735260e-02   1.78186331e-03   4.18521622e-02   1.03249532e-02
   1.12612083e-01   3.87324847e-02   3.44661573e-02   1.33472674e-02
   3.28278127e-02   5.76156772e-02   1.12871105e-01   2.94169705e-02
   4.00198365e-02   8.72094674e-02   4.42466521e-02   1.90717442e-02
   7.91779572e-02   5.21580445e-02  -4.97188611e-03   3.58884374e-02
   5.93147982e-02   1.62345149e-02   2.43161641e-02   2.87674058e-02
   6.53081003e-02   2.48875289e-02   1.09476143e-01   1.86717073e-02
   1.26565967e-02   4.54630383e-02   2.24337184e-02   6.42288799e-02
   8.90921719e-02   1.66346148e-02   6.17024623e-03   6.40396048e-02
   2.42256971e-02   8.82083008e-03   3.20908585e-02   1.46654210e-03
   8.33835424e-03   1.98829749e-01   9.08875130e-03   4.04040426e-02
   3.83493281e-02   1.70506181e-02   7.48976927e-02   2.80716587e-02
   4.11226768e-02   8.90366096e-02   5.98007869e-02   2.54946903e-02
   4.49924716e-02   3.42176019e-02   8.06061367e-02   4.08512315e-02
   1.50049765e-02   3.79003613e-02   4.84690786e-02   1.37755962e-02
   6.21700668e-02   1.52436642e-03   7.29231554e-03   6.54353780e-03
   1.86971079e-02   1.40650156e-01   1.22713230e-01   2.49618166e-02
   3.24998565e-02   9.12677552e-02   1.00774148e-01   2.37502109e-02
   1.06762984e-02   1.07942181e-02   9.72411818e-03   7.41845223e-02
   6.22480467e-02   1.31689863e-01   9.33623224e-02   2.24793367e-02
   1.71031243e-02   1.77624980e-02   1.09409961e-02   5.77007181e-03
   3.98229939e-02   2.59342674e-02   1.84234455e-02   2.03234888e-02
   4.31156915e-02   9.51713654e-02   2.42580031e-02   3.26698466e-02
   1.37554526e-02   5.18484208e-03   3.05224434e-02   5.38052172e-02
   1.60153497e-02   7.61818012e-02   6.68043953e-02   1.10016454e-02
   5.23810663e-02   3.40557220e-02   1.36607347e-02   1.67122647e-02
   6.97202453e-03   3.36435450e-02   1.01104068e-02   6.75636117e-04
   1.46500637e-02   2.93583573e-02   3.65027533e-02   4.33714381e-02
   2.72471213e-02   1.22215231e-02   3.78128985e-02   3.63638194e-02
   3.46343398e-02   3.82859203e-02   4.15761368e-02   4.54829111e-02
   2.19566918e-02   8.15174415e-02   4.07223622e-02   6.95744468e-02
   1.71381968e-01   6.34970257e-02   7.32134772e-02   9.92326985e-02
   9.57484624e-02   8.48527710e-03   8.15714031e-03   4.80453621e-02
   2.56144903e-02   4.27482271e-02   1.22608253e-01   1.94960771e-02
   5.57962877e-02   5.08906465e-02   1.13248279e-02   1.26988359e-02
  -1.34580079e-03   2.19952368e-02   4.24401833e-02   1.29531623e-01
   1.14459333e-02   5.09893977e-03   1.15700549e-02   2.53834847e-02
   5.12114035e-02   2.09005608e-03   4.74930824e-03   8.72696919e-03
   4.89301633e-02   2.62520069e-02  -6.08871446e-04   9.02731387e-02
   8.18470908e-02   9.80410570e-02   2.94418803e-02   5.44388136e-02
   1.68116653e-02   2.81175111e-02   7.56777136e-02   9.51040804e-02
   9.31932790e-03   2.64148474e-02   1.23824521e-01   1.26641770e-02
   4.36376806e-02   3.29369234e-03   5.55343800e-02   3.89556691e-03
   3.88572118e-03   9.25770062e-02   4.45536331e-02   8.18615623e-02
   7.16781386e-02   1.77769306e-02   3.13408618e-02   2.99727457e-02
   2.88739673e-02   5.85057879e-02   2.23914874e-02   3.25224805e-02
   4.53017324e-02   2.85805998e-03   3.48335097e-02   2.26062841e-02
   1.23785051e-02   6.04445698e-02   2.90613434e-02   1.94013421e-02
   7.62641921e-03   1.50555700e-02   2.43226065e-02   1.13515778e-02
   6.21115982e-02   2.55292795e-02   1.57387752e-02   1.21322106e-01
   2.27669603e-02   4.13993954e-02   1.32279674e-02   2.71153553e-02
   1.21441163e-01   2.84696683e-03   2.89426873e-02   3.94018196e-02
   5.97874636e-02   3.83361032e-05   4.76326325e-02   5.50955544e-02
   1.41444892e-02   2.60115892e-02   1.93769392e-01   1.83153266e-01
   4.42102117e-02   3.46074784e-02   1.47028564e-02   6.20484294e-02
   1.64148828e-02   7.70002602e-03   9.17536610e-02   1.80934839e-02
   2.53277174e-02   2.24433709e-02   6.13848066e-02   2.31550461e-02
   3.66747075e-02   4.07982617e-02   1.60755872e-03   1.16471386e-01
   7.38952344e-02   3.70633424e-02   3.22780909e-02   3.70616956e-02
   9.10096325e-02   5.18706889e-02   7.09450149e-02   5.48575084e-02
   2.99298457e-02   3.95065131e-02   9.72877153e-02   1.08065339e-01
   4.41560968e-02   3.24506453e-02   1.77756634e-02   2.85669595e-02
  -1.46681994e-03   1.15286549e-04   6.39463704e-02   5.28046385e-02
   4.65720385e-02  -3.14428262e-02   1.79060986e-02   2.55903504e-02
   4.07852159e-02   7.32830331e-02   1.45840249e-01   1.56264655e-02
   6.92816146e-02   7.05447969e-03   3.21297082e-02   5.59964753e-02
   4.40811875e-02   7.19255125e-02   1.75647827e-02   1.02869994e-02
   6.54528678e-02   3.60570859e-03   3.32808471e-02   5.44710700e-02
   1.54947092e-02   2.09627707e-02   3.10764885e-02   7.53406366e-03
   2.21886921e-02   1.71478908e-02   2.32893020e-02   4.10671946e-02
   6.17167430e-02   2.03198988e-02   6.35717634e-02   1.84433441e-02
   1.42021534e-01  -6.32312231e-05   3.97576792e-02   5.74084957e-02
   5.44290523e-02   3.77548341e-02   3.18976819e-02   2.02330056e-02
   7.50249228e-02   2.32164180e-02   2.44971378e-02   1.50257808e-02
   8.49056165e-03   6.70815953e-02   3.38740847e-02   1.99218498e-01
   1.47896916e-03   6.79922797e-02   2.10621855e-02   1.77573986e-02
   4.49661125e-02   3.24945352e-02   1.32179785e-02   4.27102004e-02
   9.55172122e-03   8.05542880e-02   1.96978426e-02   8.69372499e-02
   4.29583771e-02   4.33475120e-02   1.60407635e-02   9.43630370e-02
   1.96038028e-02   4.93411643e-02   8.69832753e-02   5.25708796e-02
   1.83195864e-02   1.47790514e-02   5.76101183e-02   1.38087893e-02
   1.37097569e-02   2.94760413e-03   1.08590561e-01   2.76123102e-02
   9.86184192e-02   1.31649465e-02   8.86459264e-02   3.62895605e-02
   3.28977959e-02   2.98807845e-02   3.14366652e-02   4.07968054e-02
   5.65279635e-02   2.37293310e-02   1.68653337e-03   1.00714001e-01
   1.48267646e-02   5.45552537e-02   4.49379682e-02   3.81218016e-02
   8.88148328e-03   1.17909421e-02   6.72338463e-02  -1.17058542e-03
   4.41849785e-02   4.37710009e-02  -7.08020208e-04   3.71106818e-02
   2.80134329e-03   8.65156929e-02   2.68502544e-02   5.38158061e-02
   4.02558821e-02   2.41174859e-02   2.49872147e-03   3.02531998e-02
   2.45598070e-02   5.97508645e-02   8.91145635e-02   2.80105906e-02
   4.60922304e-02   3.54459396e-03  -1.28362296e-02  -2.77310698e-03
   7.32058793e-02   1.48146507e-01   2.94299807e-02   2.48871148e-02]
Average R2: 0.0442966964
Alphas: [ 100000.           38311.86849557   14677.99267622   23713.73705662
   48696.75251659   11547.81984689   38311.86849557   14677.99267622
    7147.70576794    7147.70576794   18656.63578577   18656.63578577
   23713.73705662    7147.70576794    9085.17575652   14677.99267622
   11547.81984689    9085.17575652   38311.86849557    7147.70576794
    7147.70576794   61896.58188913   14677.99267622   48696.75251659
    9085.17575652   48696.75251659    7147.70576794   30141.62529877
   14677.99267622    9085.17575652    5623.4132519    14677.99267622
   11547.81984689    7147.70576794    7147.70576794   38311.86849557
   11547.81984689   18656.63578577    9085.17575652   23713.73705662
    9085.17575652   11547.81984689    9085.17575652   11547.81984689
   23713.73705662    7147.70576794   11547.81984689   48696.75251659
   11547.81984689   61896.58188913   14677.99267622    7147.70576794
    7147.70576794    9085.17575652   11547.81984689    7147.70576794
   11547.81984689   14677.99267622   11547.81984689   14677.99267622
   23713.73705662   23713.73705662   18656.63578577   30141.62529877
    5623.4132519    30141.62529877   30141.62529877    5623.4132519
   30141.62529877   14677.99267622  100000.            9085.17575652
   14677.99267622   30141.62529877   30141.62529877   30141.62529877
    9085.17575652   48696.75251659   30141.62529877   11547.81984689
    7147.70576794   30141.62529877   11547.81984689    7147.70576794
   61896.58188913   30141.62529877   48696.75251659   23713.73705662
   11547.81984689   23713.73705662    9085.17575652   23713.73705662
    4424.18555385    9085.17575652    9085.17575652  100000.
   30141.62529877    7147.70576794   11547.81984689   11547.81984689
   23713.73705662   38311.86849557   38311.86849557   30141.62529877
   14677.99267622   38311.86849557   23713.73705662   38311.86849557
   38311.86849557    7147.70576794   11547.81984689    7147.70576794
   30141.62529877   18656.63578577   11547.81984689    7147.70576794
   38311.86849557    7147.70576794   14677.99267622   23713.73705662
   48696.75251659    9085.17575652   23713.73705662   11547.81984689
  100000.           11547.81984689   30141.62529877   14677.99267622
   18656.63578577   78674.38076599   23713.73705662    7147.70576794
   48696.75251659    9085.17575652   11547.81984689   18656.63578577
   14677.99267622   23713.73705662   61896.58188913   18656.63578577
    9085.17575652    7147.70576794   30141.62529877   18656.63578577
   14677.99267622   48696.75251659   18656.63578577   14677.99267622
    9085.17575652    7147.70576794   14677.99267622    4424.18555385
   61896.58188913   11547.81984689   23713.73705662   18656.63578577
   14677.99267622   11547.81984689   23713.73705662    5623.4132519
   23713.73705662    9085.17575652   48696.75251659   23713.73705662
   48696.75251659   38311.86849557   18656.63578577   30141.62529877
    7147.70576794   11547.81984689    9085.17575652   14677.99267622
    5623.4132519     9085.17575652    5623.4132519    48696.75251659
   38311.86849557   23713.73705662   14677.99267622   23713.73705662
    9085.17575652   18656.63578577   11547.81984689   30141.62529877
   11547.81984689   14677.99267622   38311.86849557   18656.63578577
    9085.17575652   23713.73705662   38311.86849557  100000.
   11547.81984689   23713.73705662   14677.99267622    9085.17575652
    7147.70576794   23713.73705662   30141.62529877   11547.81984689
    9085.17575652   48696.75251659    7147.70576794   61896.58188913
   30141.62529877    9085.17575652   18656.63578577    7147.70576794
   23713.73705662   14677.99267622   18656.63578577   23713.73705662
    7147.70576794   11547.81984689   18656.63578577   18656.63578577
   23713.73705662   18656.63578577   18656.63578577   30141.62529877
    5623.4132519    30141.62529877    7147.70576794   48696.75251659
    5623.4132519     9085.17575652   78674.38076599   14677.99267622
   78674.38076599   11547.81984689   11547.81984689    9085.17575652
   30141.62529877   23713.73705662   38311.86849557   18656.63578577
   14677.99267622   14677.99267622    5623.4132519     9085.17575652
   14677.99267622   30141.62529877   18656.63578577    9085.17575652
   18656.63578577   11547.81984689    7147.70576794   48696.75251659
   23713.73705662   23713.73705662    5623.4132519     9085.17575652
    9085.17575652    5623.4132519    18656.63578577   30141.62529877
    4424.18555385    9085.17575652   48696.75251659   14677.99267622
    4424.18555385   18656.63578577    5623.4132519    14677.99267622
    9085.17575652   23713.73705662   14677.99267622    5623.4132519
    7147.70576794   61896.58188913    7147.70576794   18656.63578577
   30141.62529877    5623.4132519     9085.17575652   14677.99267622
   18656.63578577    7147.70576794   38311.86849557   30141.62529877
   11547.81984689   48696.75251659   14677.99267622    5623.4132519
   38311.86849557   18656.63578577   30141.62529877   11547.81984689
    7147.70576794   48696.75251659   23713.73705662   18656.63578577
   18656.63578577   23713.73705662   18656.63578577   14677.99267622
   18656.63578577   18656.63578577    9085.17575652   11547.81984689
   11547.81984689   23713.73705662   11547.81984689   14677.99267622
   14677.99267622    7147.70576794   23713.73705662   23713.73705662
   30141.62529877   38311.86849557    9085.17575652    7147.70576794
    5623.4132519    18656.63578577   23713.73705662    9085.17575652
   61896.58188913   14677.99267622   18656.63578577   23713.73705662
   18656.63578577    9085.17575652   11547.81984689   14677.99267622
    4424.18555385    7147.70576794   14677.99267622   23713.73705662
   11547.81984689   11547.81984689   23713.73705662   18656.63578577
    9085.17575652   38311.86849557   11547.81984689    4424.18555385
   18656.63578577   48696.75251659   11547.81984689    9085.17575652
    9085.17575652   11547.81984689    5623.4132519    18656.63578577
   11547.81984689   11547.81984689   11547.81984689    7147.70576794
   30141.62529877   11547.81984689   23713.73705662    5623.4132519
   18656.63578577   11547.81984689  100000.           11547.81984689
   18656.63578577   18656.63578577   30141.62529877   14677.99267622
   14677.99267622   14677.99267622    9085.17575652   11547.81984689
   30141.62529877   38311.86849557   30141.62529877    7147.70576794
    5623.4132519    18656.63578577   48696.75251659   23713.73705662
    5623.4132519    11547.81984689   18656.63578577   30141.62529877
    9085.17575652    7147.70576794   38311.86849557   30141.62529877
   18656.63578577    9085.17575652   14677.99267622   23713.73705662
    7147.70576794   14677.99267622   11547.81984689    9085.17575652
   11547.81984689   18656.63578577   38311.86849557    9085.17575652
    5623.4132519    78674.38076599   14677.99267622    4424.18555385
    7147.70576794   23713.73705662    9085.17575652   38311.86849557
    5623.4132519    30141.62529877   14677.99267622   18656.63578577
   14677.99267622    9085.17575652   11547.81984689   23713.73705662
   48696.75251659    9085.17575652    9085.17575652   38311.86849557
   18656.63578577    9085.17575652   48696.75251659   11547.81984689
   11547.81984689   38311.86849557   18656.63578577   14677.99267622
    9085.17575652    9085.17575652    7147.70576794   30141.62529877
   11547.81984689   38311.86849557   14677.99267622   18656.63578577
   18656.63578577   11547.81984689   38311.86849557    7147.70576794
   11547.81984689   23713.73705662   14677.99267622   38311.86849557
   23713.73705662    4424.18555385  100000.           23713.73705662
   11547.81984689   30141.62529877    9085.17575652    9085.17575652
   14677.99267622    5623.4132519    11547.81984689   48696.75251659
    9085.17575652   18656.63578577    7147.70576794   30141.62529877
   18656.63578577   30141.62529877   18656.63578577   48696.75251659
   14677.99267622   48696.75251659   48696.75251659   23713.73705662
   38311.86849557   11547.81984689    5623.4132519    48696.75251659
   14677.99267622    9085.17575652    7147.70576794   30141.62529877
   18656.63578577   38311.86849557   78674.38076599   14677.99267622
    7147.70576794    5623.4132519    14677.99267622   30141.62529877
   61896.58188913   30141.62529877   14677.99267622   30141.62529877
   18656.63578577   23713.73705662   23713.73705662   14677.99267622
   18656.63578577    7147.70576794   48696.75251659    9085.17575652
   18656.63578577   61896.58188913   18656.63578577   18656.63578577
   78674.38076599   11547.81984689    9085.17575652   38311.86849557
   18656.63578577   38311.86849557   30141.62529877   11547.81984689
   61896.58188913   14677.99267622   18656.63578577   18656.63578577
   14677.99267622    9085.17575652   14677.99267622   14677.99267622
   38311.86849557   38311.86849557   18656.63578577   30141.62529877
   23713.73705662    9085.17575652   11547.81984689   61896.58188913
   18656.63578577   23713.73705662   14677.99267622   23713.73705662
    4424.18555385    7147.70576794    9085.17575652    9085.17575652
    5623.4132519    78674.38076599   38311.86849557    9085.17575652
   11547.81984689    9085.17575652    5623.4132519    18656.63578577
    9085.17575652   14677.99267622   38311.86849557   38311.86849557
   61896.58188913   11547.81984689   18656.63578577   14677.99267622
   18656.63578577   30141.62529877   11547.81984689   23713.73705662
   11547.81984689   30141.62529877   23713.73705662   23713.73705662
   23713.73705662    9085.17575652  100000.           11547.81984689
    7147.70576794    5623.4132519    11547.81984689   11547.81984689
   11547.81984689   48696.75251659    7147.70576794    5623.4132519
   23713.73705662   23713.73705662    7147.70576794   18656.63578577
   18656.63578577   30141.62529877    7147.70576794   48696.75251659
   38311.86849557    7147.70576794    9085.17575652   18656.63578577
    7147.70576794   11547.81984689   18656.63578577   18656.63578577
   18656.63578577    9085.17575652   23713.73705662   11547.81984689
   11547.81984689   30141.62529877   18656.63578577   14677.99267622
   18656.63578577    7147.70576794   38311.86849557   30141.62529877
   11547.81984689   14677.99267622   14677.99267622   23713.73705662
    9085.17575652   14677.99267622   23713.73705662    9085.17575652
   78674.38076599   14677.99267622   23713.73705662   30141.62529877
    5623.4132519    48696.75251659   14677.99267622   30141.62529877
   11547.81984689   38311.86849557   38311.86849557    9085.17575652
   30141.62529877   30141.62529877    4424.18555385    4424.18555385
   18656.63578577    9085.17575652   23713.73705662   14677.99267622
   23713.73705662   61896.58188913    7147.70576794   61896.58188913
   18656.63578577    9085.17575652   11547.81984689    7147.70576794
   38311.86849557   18656.63578577   48696.75251659   14677.99267622
    9085.17575652   14677.99267622   23713.73705662   18656.63578577
   18656.63578577   11547.81984689    7147.70576794    9085.17575652
    9085.17575652   11547.81984689    7147.70576794    7147.70576794
   11547.81984689   23713.73705662   78674.38076599   38311.86849557
   61896.58188913  100000.            9085.17575652   18656.63578577
   23713.73705662  100000.           30141.62529877   11547.81984689
   30141.62529877    9085.17575652    5623.4132519    38311.86849557
   11547.81984689   38311.86849557   23713.73705662   18656.63578577
    7147.70576794   14677.99267622   38311.86849557   23713.73705662
   11547.81984689   30141.62529877   38311.86849557   30141.62529877
   23713.73705662   14677.99267622   38311.86849557   30141.62529877
   18656.63578577   30141.62529877   11547.81984689   18656.63578577
   18656.63578577   30141.62529877   14677.99267622   14677.99267622
    7147.70576794   23713.73705662   14677.99267622    9085.17575652
    9085.17575652   30141.62529877   23713.73705662   48696.75251659
    7147.70576794   23713.73705662   14677.99267622   30141.62529877
   30141.62529877    7147.70576794    9085.17575652    4424.18555385
   23713.73705662   11547.81984689   11547.81984689   38311.86849557
   23713.73705662   14677.99267622   14677.99267622   14677.99267622
   23713.73705662    7147.70576794    7147.70576794   14677.99267622
    7147.70576794   18656.63578577   23713.73705662   11547.81984689
   11547.81984689   23713.73705662    5623.4132519    18656.63578577
   11547.81984689   38311.86849557   23713.73705662   38311.86849557
   48696.75251659   18656.63578577    9085.17575652   38311.86849557
    5623.4132519    30141.62529877    7147.70576794   14677.99267622
   14677.99267622   23713.73705662   18656.63578577   14677.99267622
    9085.17575652   18656.63578577   30141.62529877    7147.70576794
   23713.73705662   18656.63578577   18656.63578577   18656.63578577
   18656.63578577   30141.62529877    9085.17575652   61896.58188913
   18656.63578577   18656.63578577   61896.58188913   18656.63578577
   48696.75251659   14677.99267622   30141.62529877   14677.99267622
   23713.73705662   18656.63578577   61896.58188913   38311.86849557
   18656.63578577   23713.73705662    7147.70576794    9085.17575652
    9085.17575652  100000.          100000.          100000.
    9085.17575652    5623.4132519    11547.81984689   30141.62529877]
ROIs: ['vo', 'v1', 'mt', 'ip', 'v1', 'v2', 'v1', 'v3', 'vo', 'vo', 'vo', 'v1', 'v1', 'vo', 'vo', 'v3', 'vo', 'lo', 'v1', 'vo', 'vo', 'v2', 'v4', 'v2', 'vo', 'v1', 'vo', 'ip', 'vo', 'lo', 'vo', 'vo', 'lo', 'vo', 'vo', 'mt', 'vo', 'lo', 'vo', 'v1', 'vo', 'lo', 'vo', 'vo', 'v3', 'vo', 'vo', 'v1', 'vo', 'v1', 'v3', 'vo', 'OBJ', 'vo', 'vo', 'vo', 'vo', 'vo', 'v3', 'v2', 'lo', 'mt', 'lo', 'ip', 'vo', 'v1', 'v1', 'vo', 'lo', 'v2', 'v1', 'vo', 'v4', 'v2', 'vo', 'v1', 'lo', 'v1', 'v1', 'lo', 'vo', 'vo', 'lo', 'OBJ', 'v1', 'lo', 'lo', 'ip', 'vo', 'v1', 'vo', 'lo', 'rsc', 'vo', 'lo', 'v3', 'lo', 'vo', 'lo', 'vo', 'ip', 'vo', 'ip', 'lo', 'v2', 'v1', 'v1', 'v3', 'ip', 'vo', 'vo', 'vo', 'v1', 'mt', 'OBJ', 'vo', 'ip', 'vo', 'lo', 'lo', 'v1', 'vo', 'v1', 'v3', 'ip', 'lo', 'v2', 'v2', 'vo', 'v1', 'vo', 'vo', 'vo', 'vo', 'lo', 'lo', 'lo', 'v1', 'mt', 'v1', 'OBJ', 'vo', 'ip', 'v1', 'vo', 'v3', 'OBJ', 'lo', 'vo', 'vo', 'v1', 'vo', 'v1', 'vo', 'vo', 'vo', 'OBJ', 'vo', 'v2', 'vo', 'ip', 'vo', 'ip', 'v1', 'ip', 'v1', 'vo', 'v1', 'rsc', 'vo', 'vo', 'vo', 'vo', 'vo', 'vo', 'v1', 'v3', 'v1', 'lo', 'v2', 'vo', 'lo', 'vo', 'v4', 'v3', 'OBJ', 'ip', 'ip', 'vo', 'v3', 'v2', 'rsc', 'lo', 'v1', 'lo', 'vo', 'vo', 'v1', 'lo', 'v3', 'vo', 'v1', 'v3', 'ip', 'v3', 'vo', 'v1', 'vo', 'vo', 'mt', 'lo', 'v2', 'vo', 'vo', 'vo', 'lo', 'v1', 'v1', 'v1', 'v3', 'vo', 'lo', 'vo', 'v1', 'vo', 'vo', 'v1', 'lo', 'v2', 'vo', 'vo', 'vo', 'v1', 'v1', 'v2', 'lo', 'v1', 'lo', 'vo', 'vo', 'OBJ', 'v1', 'lo', 'vo', 'lo', 'vo', 'vo', 'v2', 'v3', 'vo', 'vo', 'vo', 'vo', 'vo', 'v2', 'v1', 'vo', 'v3', 'v2', 'lo', 'vo', 'lo', 'vo', 'OBJ', 'vo', 'v3', 'lo', 'vo', 'vo', 'v2', 'vo', 'v1', 'v1', 'vo', 'vo', 'lo', 'lo', 'vo', 'v1', 'v3a', 'vo', 'v1', 'lo', 'OBJ', 'ip', 'v2', 'v1', 'lo', 'vo', 'v1', 'v1', 'v3', 'mt', 'OBJ', 'ip', 'lo', 'ip', 'v1', 'lo', 'vo', 'OBJ', 'v1', 'lo', 'mt', 'lo', 'vo', 'v1', 'ip', 'ip', 'v1', 'vo', 'vo', 'vo', 'lo', 'ip', 'vo', 'v2', 'vo', 'v3', 'ip', 'ip', 'mt', 'vo', 'vo', 'vo', 'vo', 'v3', 'v1', 'lo', 'vo', 'ip', 'v3', 'vo', 'v2', 'vo', 'vo', 'lo', 'lo', 'vo', 'vo', 'vo', 'v3a', 'vo', 'lo', 'lo', 'vo', 'lo', 'vo', 'v1', 'vo', 'v2', 'vo', 'lo', 'lo', 'v3a', 'vo', 'lo', 'rsc', 'OBJ', 'vo', 'lo', 'v1', 'vo', 'vo', 'vo', 'ip', 'ip', 'vo', 'vo', 'lo', 'v3b', 'v1', 'vo', 'v1', 'v4', 'v1', 'vo', 'lo', 'ip', 'ip', 'lo', 'vo', 'v1', 'lo', 'vo', 'vo', 'vo', 'mt', 'vo', 'v3', 'v1', 'vo', 'vo', 'v2', 'v1', 'vo', 'vo', 'mt', 'OBJ', 'mt', 'vo', 'v1', 'vo', 'v4', 'lo', 'vo', 'lo', 'mt', 'v1', 'vo', 'vo', 'ip', 'v1', 'vo', 'OBJ', 'vo', 'v3', 'v3', 'lo', 'v3', 'vo', 'v3a', 'vo', 'ip', 'vo', 'v1', 'vo', 'v1', 'v1', 'vo', 'v3', 'vo', 'vo', 'lo', 'v3', 'v3', 'lo', 'vo', 'v1', 'v1', 'vo', 'v2', 'vo', 'vo', 'v3', 'vo', 'OBJ', 'v1', 'vo', 'lo', 'vo', 'v1', 'vo', 'ip', 'v1', 'v1', 'lo', 'v1', 'v3', 'vo', 'ip', 'lo', 'vo', 'v1', 'lo', 'v3', 'vo', 'v1', 'vo', 'v1', 'v1', 'v3', 'vo', 'vo', 'lo', 'v1', 'v1', 'v1', 'vo', 'lo', 'lo', 'lo', 'lo', 'vo', 'v3', 'vo', 'v1', 'vo', 'lo', 'ip', 'v1', 'lo', 'v1', 'lo', 'vo', 'ip', 'ip', 'ip', 'ip', 'vo', 'v1', 'lo', 'vo', 'vo', 'vo', 'vo', 'v3', 'lo', 'v1', 'v2', 'v1', 'v1', 'mt', 'vo', 'vo', 'v1', 'v3b', 'v1', 'ip', 'ip', 'vo', 'vo', 'v3', 'vo', 'vo', 'v1', 'v1', 'mt', 'OBJ', 'vo', 'vo', 'lo', 'vo', 'lo', 'v3', 'v1', 'v3a', 'vo', 'v3', 'v1', 'vo', 'vo', 'vo', 'v3', 'lo', 'mt', 'vo', 'v3', 'v3', 'OBJ', 'v2', 'mt', 'vo', 'vo', 'vo', 'lo', 'vo', 'v1', 'vo', 'vo', 'mt', 'lo', 'vo', 'mt', 'ip', 'mt', 'vo', 'lo', 'v2', 'vo', 'vo', 'v1', 'vo', 'vo', 'lo', 'ip', 'v3', 'vo', 'ip', 'vo', 'vo', 'v3a', 'v1', 'vo', 'v4', 'vo', 'v2', 'ip', 'v3a', 'OBJ', 'vo', 'v4', 'vo', 'vo', 'mt', 'lo', 'v1', 'lo', 'mt', 'lo', 'vo', 'lo', 'lo', 'v1', 'vo', 'v1', 'v1', 'vo', 'v3', 'ip', 'vo', 'vo', 'ip', 'vo', 'lo', 'lo', 'mt', 'v1', 'vo', 'v1', 'lo', 'vo', 'vo', 'v3a', 'v2', 'v1', 'ip', 'v1', 'vo', 'OBJ', 'v3', 'v2', 'v1', 'vo', 'vo', 'vo', 'vo', 'vo', 'vo', 'vo', 'vo', 'v1', 'v1', 'v1', 'v1', 'v3', 'vo', 'ip', 'ip', 'rsc', 'ip', 'vo', 'v1', 'vo', 'vo', 'ip', 'v3', 'lo', 'v1', 'lo', 'vo', 'v3', 'v1', 'mt', 'vo', 'mt', 'v2', 'ip', 'v3', 'lo', 'v1', 'lo', 'lo', 'v1', 'vo', 'v1', 'ip', 'v1', 'ip', 'lo', 'vo', 'v3a', 'lo', 'vo', 'OBJ', 'ip', 'ip', 'ip', 'vo', 'ip', 'vo', 'v3', 'lo', 'vo', 'vo', 'vo', 'vo', 'lo', 'vo', 'v1', 'v1', 'v3', 'vo', 'lo', 'v3', 'vo', 'OBJ', 'lo', 'vo', 'ip', 'v1', 'v3', 'vo', 'v1', 'vo', 'ip', 'vo', 'v2', 'v2', 'v1', 'v2', 'vo', 'vo', 'v2', 'vo', 'ip', 'vo', 'mt', 'vo', 'v3', 'v1', 'v2', 'vo', 'lo', 'mt', 'vo', 'lo', 'lo', 'v1', 'lo', 'lo', 'v3', 'vo', 'mt', 'mt', 'v1', 'v1', 'lo', 'v1', 'v2', 'v3', 'v1', 'ip', 'lo', 'lo', 'v1', 'lo', 'ip', 'vo', 'vo', 'vo', 'v1', 'v2', 'v1', 'vo', 'vo', 'lo', 'ip']
